187.239	82.92
187.703	82.92
188.168	82.92
188.632	7.9
189.096	-8.83
189.559	-7.02
190.023	-16.96
190.487	-6.79
190.951	-8.83
191.415	6.77
191.879	-12.22
192.342	-18.32
192.806	-9.73
193.27	-15.83
193.733	-40.69
194.197	-28.49
194.661	25.75
195.124	15.58
195.588	5.18
196.051	20.55
196.514	38.85
196.978	45.18
197.441	59.87
197.904	56.93
198.368	94.22
198.831	163.82
199.294	208.79
199.757	167.89
200.22	198.62
200.683	217.38
201.146	250.15
201.609	244.73
202.072	230.94
202.535	249.7
202.998	278.4
203.461	268.68
203.924	256.25
204.387	276.81
204.849	319.75
205.312	324.95
205.775	289.24
206.237	299.64
206.7	343.25
207.163	291.73
207.625	280.43
208.088	335.12
208.55	326.3
209.012	346.19
209.475	350.94
209.937	402.69
210.399	416.02
210.862	505.28
211.324	568.56
211.786	581.89
212.248	632.96
212.71	583.7
213.172	672.28
213.634	787.76
214.096	1116.34
214.558	1510.23
215.02	2081.29
215.482	2778.44
215.944	3581.13
216.406	4356.03
216.868	5330.02
217.329	6223.1
217.791	7149.18
218.253	8182.37
218.714	9020.54
219.176	9964.24
219.638	10749.31
220.099	11509.06
220.561	12290.96
221.022	13152.86
221.484	13991.93
221.945	14719.15
222.406	15553.7
222.868	16223.29
223.329	17094.68
223.79	17718.84
224.251	18348.66
224.712	19046.72
225.173	19493.48
225.635	20456.85
226.096	20897.29
226.557	22125.28
227.018	22674.42
227.478	23045.26
227.939	23962.52
228.4	24878.2
228.861	25311.18
229.322	26486.07
229.782	27241.98
230.243	27735.3
230.704	28716.29
231.164	29206.9
231.625	29820.67
232.086	31336.56
232.546	31410.69
233.007	32284.56
233.467	32987.59
233.927	33884.97
234.388	34392.53
234.848	35164.71
235.308	35957.68
235.769	36037.68
236.229	37052.8
236.689	37365.56
237.149	38281.69
237.609	39024.27
238.069	39769.34
238.529	39263.59
238.989	39987.64
239.449	40180.85
239.909	40045.03
240.369	39841.42
240.829	40053.85
241.289	40174.97
241.748	40333.84
242.208	41102.18
242.668	42212.66
243.127	42899.65
243.587	43465.74
244.046	44294.87
244.506	45177.56
244.965	44952.7
245.425	45555.62
245.884	46722.83
246.344	46959.43
246.803	47718.51
247.262	48237.14
247.722	48616.79
248.181	48652.49
248.64	48130.92
249.099	48338.83
249.558	48002.57
250.017	47466.99
250.476	47055.47
250.935	46918.98
251.394	47427.21
251.853	47913.08
252.312	47659.52
252.771	48058.16
253.23	47727.77
253.688	47713.76
254.147	47391.73
254.606	46686.44
255.064	46144.76
255.523	44860.73
255.981	44226.39
256.44	43968.32
256.898	44891.46
257.357	44814.63
257.815	45244.22
258.274	45503.87
258.732	46297.75
259.19	47260.44
259.649	48470.12
260.107	49790.99
260.565	50833.68
261.023	51411.29
261.481	52325.16
261.939	53013.06
262.397	53555.41
262.855	53976.19
263.313	53700.72
263.771	53679.48
264.229	53626.82
264.687	53041.3
265.144	52239.06
265.602	51045.88
266.06	51070.06
266.518	51442.02
266.975	51493.32
267.433	52171.5
267.89	53350.22
268.348	53884.44
268.805	53899.13
269.263	53658.24
269.72	53366.49
270.177	53585.24
270.635	53356.55
271.092	52882.44
271.549	52329.23
272.006	51661
272.464	51095.14
272.921	51793.65
273.378	51825.74
273.835	51380.56
274.292	50838.88
274.749	50848.82
275.206	50585.77
275.663	49716.64
276.119	49795.96
276.576	48883.9
277.033	48256.34
277.49	47899.52
277.946	48193.07
278.403	47373.43
278.86	46679.44
279.316	46496.16
279.773	46595.6
280.229	45982.28
280.686	45744.09
281.142	45170.32
281.598	44246.28
282.055	42762.25
282.511	41894.03
282.967	42024.87
283.423	42298.76
283.88	43282.69
284.336	43603.13
284.792	44564.24
285.248	44687.4
285.704	45939.12
286.16	45962.17
286.616	46876.72
287.072	46404.19
287.527	47023.38
287.983	47752.85
288.439	47430.38
288.895	47726.64
289.35	47311.06
289.806	47153.77
290.262	47170.95
290.717	46976.83
291.173	46662.94
291.628	46253.23
292.084	45680.14
292.539	45595.17
292.995	44888.52
293.45	44386.62
293.905	42913.43
294.36	42683.38
294.816	42041.14
295.271	42214.02
295.726	41602.96
296.181	41824.42
296.636	42439.55
297.091	43056.71
297.546	42812.19
298.001	42615.14
298.456	43087.89
298.911	43807.65
299.365	44015.78
299.82	44135.55
300.275	43686.07
300.73	43273.2
301.184	43151.85
301.639	43215.35
302.093	42505.08
302.548	42206.33
303.002	42107.81
303.457	42465.54
303.911	41879.11
304.366	41879.56
304.82	41257.88
305.274	40820.83
305.728	40492.93
306.183	39407.99
306.637	39268.33
307.091	38831.73
307.545	37686
307.999	37397.87
308.453	37039.46
308.907	36418.46
309.361	36004.24
309.815	35547.07
310.269	34956.58
310.722	34213.32
311.176	34012.2
311.63	34460.55
312.083	34112.08
312.537	34141.46
312.991	33809.27
313.444	34459.42
313.898	34216.26
314.351	33851.07
314.805	34307.33
315.258	34111.41
315.711	34064.85
316.165	33118.89
316.618	32124.34
317.071	30288
317.524	28337.55
317.977	25848.35
318.43	24610.19
318.884	24683.4
319.337	28225.01
319.79	32508.28
320.242	36045.82
320.695	37181.38
321.148	35808.08
321.601	34086.1
322.054	33765.65
322.506	33901.24
322.959	35179.17
323.412	36074.97
323.864	35708.88
324.317	35431.6
324.769	34168.58
325.222	33239.79
325.674	32322.98
326.127	30390.15
326.579	29400.12
327.031	28443.08
327.484	27130.12
327.936	26407.65
328.388	25642.02
328.84	25201.36
329.292	24360.93
329.744	24262.17
330.196	23713.94
330.648	23566.15
331.1	22920.29
331.552	22934.07
332.004	23496.32
332.456	23943.31
332.908	23526.82
333.359	24004.78
333.811	24029.18
334.263	24701.71
334.714	24823.29
335.166	25093.34
335.617	25183.05
336.069	26103.71
336.52	25976.7
336.972	25649.25
337.423	25659.65
337.874	25543.27
338.326	25336.49
338.777	25544.62
339.228	26372.4
339.679	27037.47
340.13	28039.02
340.581	28998.09
341.032	29748.36
341.483	30298.85
341.934	30979.28
342.385	31235.1
342.836	31068.32
343.287	30936.35
343.738	31091.15
344.188	31226.96
344.639	31457.69
345.09	31323.91
345.54	31481.42
345.991	30840.98
346.441	30680.08
346.892	30457.94
347.342	29941.35
347.793	29601.69
348.243	29549.94
348.693	29059.56
349.143	28290.54
349.594	28518.33
350.044	27816.43
350.494	27090.35
350.944	26038.17
351.394	25500.56
351.844	24269.4
352.294	23287.51
352.744	21909.01
353.194	20481.26
353.644	19214.4
354.094	17948.44
354.543	17151.4
354.993	16843.61
355.443	16207.47
355.892	16060.13
356.342	16215.38
356.791	16255.38
357.241	16367.01
357.69	16552.09
358.14	16594.35
358.589	16242.04
359.038	16346.45
359.488	16629.15
359.937	16645.2
360.386	16918.19
360.835	17061.46
361.284	17228.23
361.733	17621.22
362.182	18075.44
362.631	18352.5
363.08	19106.38
363.529	19635.4
363.978	19947.48
364.427	20427.7
364.876	21568.23
365.324	21611.4
365.773	21582.7
366.222	21834.89
366.67	22059.29
367.119	21987.2
367.567	21942.23
368.016	22084.15
368.464	21545.63
368.913	21204.85
369.361	21476.94
369.809	20735.03
370.258	20793.56
370.706	20673.79
371.154	20865.65
371.602	20797.63
372.05	20561.48
372.498	20592.21
372.946	20668.82
373.394	20572.78
373.842	20337.53
374.29	20414.14
374.738	20286.01
375.186	19670.88
375.633	19326.48
376.081	18969.66
376.529	18623.45
376.976	18246.96
377.424	18276.57
377.871	18419.84
378.319	18461.65
378.766	18023.92
379.214	18232.5
379.661	18356.34
380.108	17941.66
380.555	17857.6
381.003	17994.99
381.45	18488.31
381.897	18454.42
382.344	18412.16
382.791	18462.1
383.238	18322.67
383.685	17778.73
384.132	17310.72
384.579	17032.08
385.026	16881.12
385.472	16383.28
385.919	16485.88
386.366	16362.04
386.813	16727.23
387.259	17244.5
387.706	18174.42
388.152	17938.5
388.599	17920.19
389.045	17149.59
389.491	17235.24
389.938	17219.19
390.384	17600.65
390.83	17744.6
391.277	18392.72
391.723	18788.87
392.169	19163.32
392.615	18705.03
393.061	17789.8
393.507	17010.39
393.953	16393.23
394.399	15844.32
394.845	15481.61
395.29	15437.55
395.736	15426.7
396.182	15470.99
396.628	15663.98
397.073	16041.82
397.519	16733.56
397.964	16643.84
398.41	16657.63
398.855	15585.79
399.301	15478.9
399.746	14922.98
400.191	14326.16
400.637	14508.98
401.082	14047.98
401.527	13808.66
401.972	13880.3
402.417	13553.08
402.863	13373.87
403.308	13740.87
403.752	13783.13
404.197	14321.42
404.642	15006.14
405.087	15353.71
405.532	14797.56
405.977	14117.58
406.421	14061.54
406.866	14317.35
407.311	14445.71
407.755	14993.94
408.2	15220.15
408.644	14971.57
409.089	14911.23
409.533	14657.45
409.977	14191.7
410.422	13884.14
410.866	14179.05
411.31	14490
411.754	14579.49
412.198	15291.11
412.643	15030.55
413.087	14698.36
413.531	14114.64
413.975	13733.64
414.418	13260.88
414.862	13419.52
415.306	13023.82
415.75	13156.48
416.194	12864.96
416.637	12547.45
417.081	12612.31
417.524	12405.76
417.968	12701.57
418.412	12501.13
418.855	12612.31
419.298	12959.65
419.742	13412.97
420.185	13826.51
420.628	14380.85
421.072	15123.66
421.515	14268.54
421.958	13709.68
422.401	13587.88
422.844	12952.64
423.287	12896.14
423.73	12767.33
424.173	12784.96
424.616	13189.92
425.059	12590.84
425.501	12479.43
425.944	13154.22
426.387	13770.25
426.829	14467.18
427.272	14266.96
427.715	14153.74
428.157	14907.39
428.599	15777.88
429.042	17358.85
429.484	17471.84
429.927	17384.16
430.369	16823.95
430.811	15366.36
431.253	14582.88
431.695	13807.08
432.138	13856.8
432.58	15144.22
433.022	16350.52
433.464	16035.72
433.905	15210.89
434.347	14566.38
434.789	14559.38
435.231	14638.92
435.673	15414.04
436.114	15088.4
436.556	14547.63
436.998	14414.52
437.439	14528.64
437.881	14793.27
438.322	14600.96
438.763	14340.63
439.205	13773.18
439.646	13661.55
440.087	14606.83
440.529	15750.08
440.97	16318.43
441.411	15752.57
441.852	14803.21
442.293	14983.77
442.734	14956.43
443.175	14793.72
443.616	14488.64
444.057	13841.43
444.498	13754.43
444.938	13508.11
445.379	13779.51
445.82	13262.01
446.26	13411.38
446.701	12887.1
447.142	13127.78
447.582	12920.55
448.022	12304.07
448.463	12537.06
448.903	12240.57
449.343	12452.77
449.784	12696.15
450.224	12616.6
450.664	13026.31
451.104	13421.78
451.544	12950.38
451.984	13048.91
452.424	13534.32
452.864	13523.47
453.304	13825.16
453.744	14193.06
454.184	14516.44
454.624	14403.45
455.063	14698.13
455.503	14899.48
455.943	15181.96
456.382	15287.72
456.822	16291.76
457.261	17093.77
457.7	17920.19
458.14	18975.31
458.579	19934.6
459.018	21074.69
459.458	22329.79
459.897	23515.07
460.336	23022.21
460.775	23150.79
461.214	23560.72
461.653	23556.43
462.092	23584.22
462.531	23309.66
462.97	23143.33
463.409	23136.55
463.848	23172.71
464.286	23211.58
464.725	23122.77
465.164	22821.98
465.602	23152.82
466.041	23268.98
466.479	23528.63
466.918	23791
467.356	24585.1
467.794	24590.98
468.233	24602.73
468.671	24656.96
469.109	24502.17
469.547	25392.76
469.985	25500.11
470.423	26113.88
470.861	26210.82
471.299	27571.01
471.737	27680.84
472.175	28105.91
472.613	28727.59
473.051	28977.53
473.489	29400.12
473.926	29471.3
474.364	30717.14
474.802	31086.63
475.239	31884.57
475.677	31920.73
476.114	31993.49
476.551	32253.83
476.989	32517.77
477.426	32946.92
477.863	32956.41
478.301	33931.75
478.738	33885.42
479.175	34228.92
479.612	35206.52
480.049	35331.49
480.486	35302.56
480.923	35420.3
481.36	36069.77
481.797	36251.46
482.233	36672.92
482.67	36930.99
483.107	37528.49
483.544	37261.38
483.98	37199.23
484.417	37241.27
484.853	37335.5
485.29	37044.89
485.726	36944.33
486.162	36024.12
486.599	35299.62
487.035	34624.39
487.471	34009.04
487.907	33249.28
488.344	32697.21
488.78	31868.07
489.216	31594.86
489.652	31664.24
490.088	31446.16
490.523	31539.04
490.959	31073.52
491.395	30705.17
491.831	29622.48
492.266	29237.86
492.702	29344.75
493.138	28671.55
493.573	29249.84
494.009	29097.53
494.444	29028.38
494.88	28563.75
495.315	28215.97
495.75	27856.65
496.186	27697.11
496.621	27758.13
497.056	27955.63
497.491	27556.55
497.926	26793.63
498.361	26129.47
498.796	25732.64
499.231	25195.26
499.666	25256.5
500.101	24854.02
500.536	24416.52
500.97	24244.32
501.405	24176.98
501.84	24195.51
502.274	23877.32
502.709	23855.4
503.143	23784.9
503.578	23476.2
504.012	22979.04
504.446	23091.58
504.881	23753.71
505.315	23714.84
505.749	23784.22
506.183	23563.89
506.617	23372.48
507.051	23570.89
507.485	23336.77
507.919	23584
508.353	23716.2
508.787	24054.27
509.221	24008.62
509.655	24181.95
510.088	24815.15
510.522	24676.85
510.956	24828.26
511.389	24515.27
511.823	24341.72
512.256	24016.98
512.69	23929.98
513.123	23964.1
513.556	23754.62
513.99	23480.95
514.423	23235.53
514.856	22486.17
515.289	22250.25
515.722	22242.56
516.155	22193.3
516.588	22120.08
517.021	21402.13
517.454	21439.65
517.887	20961.92
518.32	20442.61
518.752	20089.63
519.185	19657.32
519.618	19733.48
520.05	19697.1
520.483	19561.28
520.915	19443.99
521.348	19126.94
521.78	18799.94
522.213	18703
522.645	18652.83
523.077	18574.41
523.509	18324.25
523.942	18698.7
524.374	19015.31
524.806	19834.27
525.238	19880.14
525.67	19870.42
526.102	19922.4
526.533	19651.9
526.965	19335.75
527.397	19808.73
527.829	19980.25
528.26	20192.9
528.692	20320.13
529.123	20755.15
529.555	21340.44
529.986	21483.49
530.418	21664.73
530.849	22148.1
531.28	22108.33
531.712	21997.37
532.143	21991.95
532.574	21598.51
533.005	20990.17
533.436	20458.43
533.867	19893.25
534.298	19315.86
534.729	18765.14
535.16	18234.08
535.591	17837.48
536.022	17179.65
536.452	17350.49
536.883	17390.04
537.314	17254.67
537.744	17039.99
538.175	17203.38
538.605	16967.9
539.036	16891.07
539.466	17100.78
539.896	17093.55
540.327	16994.79
540.757	16793.89
541.187	16817.85
541.617	16968.13
542.047	17136.26
542.477	17246.99
542.907	17714.32
543.337	18080.87
543.767	18459.84
544.197	18751.13
544.626	19655.74
545.056	20730.06
545.486	22015.68
545.915	22969.78
546.345	23978.11
546.775	24118
547.204	23514.62
547.633	21991.27
548.063	19990.42
548.492	19019.37
548.921	18328.54
549.351	17638.62
549.78	16954.12
550.209	16703.95
550.638	16646.78
551.067	16638.87
551.496	17012.87
551.925	16956.38
552.354	16611.07
552.783	16586.67
553.211	16704.63
553.64	17079.08
554.069	17209.93
554.497	17578.96
554.926	17516.59
555.354	17563.82
555.783	17775.11
556.211	17744.6
556.64	18085.16
557.068	18183.46
557.496	18536.67
557.924	18600.63
558.353	18596.79
558.781	18451.7
559.209	18602.21
559.637	18626.39
560.065	18862.54
560.493	18681.75
560.92	18855.76
561.348	18599.5
561.776	18564.47
562.204	19017.79
562.631	19413.03
563.059	19653.71
563.486	19775.96
563.914	19604.89
564.341	18940.96
564.769	18630
565.196	18834.74
565.623	19170.78
566.051	19396.99
566.478	19722.63
566.905	19672.01
567.332	19684.21
567.759	19931.21
568.186	20384.31
568.613	20195.84
569.04	19956.07
569.467	20132.56
569.894	20018.89
570.32	19893.25
570.747	19752.23
571.174	19582.97
571.6	19651.9
572.027	19424.79
572.453	19817.54
572.88	20142.51
573.306	20168.5
573.732	20319.68
574.159	20076.75
574.585	19967.14
575.011	19499.81
575.437	19000.84
575.863	19010.56
576.289	19236.77
576.715	19785.91
577.141	19868.62
577.567	19709.52
577.993	19650.99
578.419	19321.29
578.844	18978.47
579.27	19184.34
579.696	19396.99
580.121	19413.03
580.547	19652.35
580.972	19530.32
581.397	19460.49
581.823	19341.85
582.248	19084.91
582.673	19162.19
583.099	19365.8
583.524	19800.6
583.949	19949.29
584.374	19619.13
584.799	19871.55
585.224	19803.31
585.649	20256.4
586.073	19726.92
586.498	19013.05
586.923	19328.29
587.348	20092.11
587.772	20068.38
588.197	20120.36
588.621	20051.44
589.046	19882.63
589.47	19558.57
589.895	19410.32
590.319	19340.04
590.743	19316.99
591.167	19728.73
591.592	19964.21
592.016	20019.8
592.44	20203.75
592.864	20380.01
593.288	20542.95
593.712	20030.42
594.135	19637.89
594.559	19489.87
594.983	19236.99
595.407	19196.32
595.83	19347.05
596.254	19393.6
596.677	20055.28
597.101	20356.29
597.524	20545.43
597.948	20578.2
598.371	20152.9
598.794	20009.18
599.217	19831.78
599.641	19957.2
600.064	20325.55
600.487	20638.54
600.91	20841.92
601.333	20393.35
601.756	20420.69
602.179	20351.09
602.601	20429.51
603.024	20326.91
603.447	20606.9
603.869	20882.15
604.292	21154.01
604.715	21216.15
605.137	21678.51
605.559	21890.03
605.982	22426.74
606.404	22716.45
606.826	22981.08
607.249	23336.55
607.671	23630.1
608.093	24026.7
608.515	23641.17
608.937	23556.2
609.359	23802.3
609.781	23805.69
610.203	24010.88
610.625	23856.99
611.046	23501.29
611.468	22939.04
611.89	22841.19
612.311	22196.69
612.733	22355.56
613.154	22421.09
613.576	22308.1
613.997	22273.98
614.418	22017.49
614.84	22086.64
615.261	21763.26
615.682	20915.37
616.103	20214.6
616.524	20491.42
616.945	20283.97
617.366	20439
617.787	20638.99
618.208	20905.88
618.629	21199.43
619.05	21139.54
619.47	20571.42
619.891	20331.88
620.311	20427.02
620.732	20230.19
621.152	20054.37
621.573	20135.95
621.993	20377.3
622.414	20775.26
622.834	20484.19
623.254	20489.62
623.674	20340.92
624.094	20519.9
624.514	20426.12
624.934	20444.87
625.354	20394.7
625.774	20091.89
626.194	19903.19
626.614	19506.59
627.034	19430.66
627.453	19986.35
627.873	19933.7
628.292	19864.55
628.712	19599.92
629.131	19437.67
629.551	19436.54
629.97	19184.57
630.39	19066.6
630.809	18965.59
631.228	18631.13
631.647	18560.18
632.066	18496.45
632.485	18710.91
632.904	18830.9
633.323	18998.81
633.742	19109.99
634.161	19043.33
634.58	19005.14
634.998	18954.29
635.417	18745.26
635.836	19119.48
636.254	19104.34
636.673	18661.42
637.091	18307.08
637.509	18522.66
637.928	18478.14
638.346	18358.15
638.764	18594.3
639.183	18342.78
639.601	18067.53
640.019	18268.88
640.437	18281.09
640.855	18132.62
641.273	18089
641.69	18329
642.108	18274.99
642.526	18343.23
642.944	18688.08
643.361	19032.93
643.779	19301.85
644.196	19498.23
644.614	19409.87
645.031	19156.32
645.449	18994.06
645.866	18794.97
646.283	18283.8
646.7	18561.53
647.118	18772.15
647.535	18742.32
647.952	18665.48
648.369	19366.71
648.786	18138.72
649.203	18160.19
649.619	18372.61
650.036	18666.84
650.453	18813.05
650.869	18871.35
651.286	18575.32
651.703	18351.37
652.119	18224.82
652.536	18236.12
652.952	18496.45
653.368	18473.4
653.785	18162.22
654.201	17995.67
654.617	18104.37
655.033	19002.65
655.449	19965.11
655.865	20401.48
656.281	19888.73
656.697	18928.75
657.113	18840.85
657.529	18490.12
657.944	18728.98
658.36	18898.7
658.776	18865.25
659.191	18920.17
659.607	18534.87
660.022	18887.85
660.438	18756.55
660.853	18740.51
661.268	18872.03
661.683	19132.14
662.099	18797.46
662.514	18644.92
662.929	17888.1
663.344	17714.32
663.759	17813.3
664.174	17795.68
664.589	17878.39
665.003	17768.78
665.418	17940.08
665.833	18065.05
666.247	17702.57
666.662	17531.73
667.077	17630.26
667.491	17439.08
667.905	17484.72
668.32	17508.9
668.734	17543.03
669.148	17255.13
669.563	17175.35
669.977	17352.3
670.391	17469.36
670.805	17179.65
671.219	16934.23
671.633	17071.18
672.047	16750.96
672.46	16522.72
672.874	16562.94
673.288	16795.7
673.701	16625.76
674.115	16640.23
674.529	16247.47
674.942	15902.17
675.355	16016.29
675.769	15871.21
676.182	15774.71
676.595	15942.84
677.009	15665.11
677.422	15501.5
677.835	15560.03
678.248	15710.53
678.661	15510.31
679.074	15670.08
679.487	15805.67
679.899	15616.98
680.312	15738.1
680.725	16061.94
681.137	15579.24
681.55	15405
681.963	15385.8
682.375	15668.5
682.787	15892.68
683.2	16243.17
683.612	16531.75
684.024	16574.47
684.437	16310.29
684.849	15989.85
685.261	15635.05
685.673	15508.96
686.085	15966.12
686.497	15903.3
686.909	15863.75
687.32	15911.88
687.732	15917.76
688.144	15313.93
688.555	15232.81
688.967	15482.06
689.379	15606.36
689.79	15640.7
690.201	15611.78
690.613	15619.46
691.024	15178.12
691.435	14964.56
691.847	14985.81
692.258	14781.74
692.669	14571.35
693.08	14107.64
693.491	14091.82
693.902	14075.1
694.312	14308.31
694.723	14570.45
695.134	14471.92
695.545	14221.31
695.955	14200.29
696.366	14538.13
696.776	14821.74
697.187	14676.21
697.597	14969.31
698.008	14967.5
698.418	15109.19
698.828	15117.33
699.238	15101.74
699.648	14943.77
700.058	15030.33
700.468	15299.47
700.878	15316.65
701.288	15473.7
701.698	14980.38
702.108	15054.28
702.518	15557.09
702.927	15256.08
703.337	15095.41
703.746	14957.78
704.156	15024
704.565	15031.91
704.975	14687.96
705.384	14261.76
705.793	14253.62
706.203	14346.05
706.612	13966.85
707.021	13633.98
707.43	13650.47
707.839	13687.54
708.248	13861.99
708.657	13947.87
709.065	14016.11
709.474	13582
709.883	13521.89
710.291	13545.62
710.7	13813.41
711.109	13798.27
711.517	13903.35
711.925	14037.81
712.334	13895.89
712.742	13657.93
713.15	13325.29
713.559	12983.83
713.967	12650.95
714.375	12582.93
714.783	12722.36
715.191	12928.69
715.599	12904.96
716.006	12878.97
716.414	12792.64
716.822	12830.16
717.23	12671.74
717.637	12523.95
718.045	12300
718.452	12238.53
718.86	12221.13
719.267	12060.91
719.675	12198.31
720.082	12086.45
720.489	12236.27
720.896	12485.76
721.303	12289.38
721.71	12175.03
722.117	11864.08
722.524	11760.13
722.931	11802.16
723.338	11920.58
723.745	12197.63
724.151	12042.38
724.558	12100.46
724.965	12099.55
725.371	11882.16
725.778	11825.44
726.184	11949.28
726.59	12263.62
726.997	12203.73
727.403	11952.44
727.809	11772.78
728.215	11500.47
728.621	11448.5
729.027	11193.59
729.433	11258.45
729.839	11392
730.245	11396.3
730.651	11200.14
731.056	11020.26
731.462	11100.94
731.868	10956.99
732.273	10788.4
732.679	10854.62
733.084	10680.61
733.489	10772.81
733.895	10862.3
734.3	11363.3
734.705	11599.68
735.11	11605.78
735.515	11614.14
735.92	11306.58
736.325	11261.84
736.73	11100.48
737.135	11169.86
737.54	11024.33
737.945	11170.54
738.349	11315.62
738.754	11386.58
739.158	11218.67
739.563	11412.79
739.967	11479.23
740.372	11522.85
740.776	11461.15
741.18	11406.01
741.585	11278.79
741.989	11096.64
742.393	11057.1
742.797	11170.77
743.201	11255.96
743.605	11430.42
744.009	11492.57
744.412	11815.72
744.816	11765.1
745.22	11910.18
745.623	11998.54
746.027	11995.83
746.431	12179.55
746.834	12402.6
747.237	12360.11
747.641	12308.14
748.044	12046
748.447	11990.63
748.85	12064.3
749.253	11992.21
749.656	11779.56
750.059	11503.41
750.462	11332.12
750.865	11164.66
751.268	11237.88
751.671	11335.73
752.073	11358.56
752.476	11348.16
752.879	11356.52
753.281	11335.51
753.684	11293.47
754.086	11419.35
754.488	11490.53
754.891	11403.75
755.293	11577.53
755.695	11594.26
756.097	11223.87
756.499	11032.24
756.901	10609.2
757.303	10302.77
757.705	10410.11
758.107	10391.58
758.508	10608.29
758.91	10695.07
759.312	10654.62
759.713	10709.76
760.115	10439.03
760.516	10370.11
760.918	10260.06
761.319	10150
761.72	10109.1
762.121	10174.63
762.523	10004.92
762.924	9862.78
763.325	9696.45
763.726	9645.83
764.127	9626.4
764.527	9852.83
764.928	10070.91
765.329	10044.02
765.73	9876.11
766.13	9854.42
766.531	9586.85
766.931	9563.12
767.332	9342.79
767.732	9214.43
768.132	9115.9
768.533	9222.12
768.933	8935.8
769.333	8741
769.733	8630.95
770.133	8565.41
770.533	8673.2
770.933	8977.38
771.333	9109.58
771.733	9048.79
772.132	9120.65
772.532	9173.08
772.932	9035.45
773.331	8944.16
773.731	8838.85
774.13	8672.3
774.53	8614.22
774.929	8656.48
775.328	8376.49
775.727	8384.62
776.126	8192.76
776.525	8016.5
776.924	8050.17
777.323	8014.92
777.722	7983.28
778.121	7842.04
778.52	7971.3
778.919	7994.35
779.317	8106.67
779.716	8027.12
780.114	8110.06
780.513	8081.81
780.911	8006.78
781.31	7987.12
781.708	8009.04
782.106	7958.87
782.504	7930.4
782.902	7737.18
783.301	7802.94
783.698	7876.84
784.096	7726.56
784.494	7727.92
784.892	7820.8
785.29	7811.98
785.688	7840.23
786.085	7833.9
786.483	7646.11
786.88	7592.55
787.278	7614.93
787.675	7580.13
788.072	7471.43
788.47	7411.77
788.867	7491.54
789.264	7412.22
789.661	7375.16
790.058	7276.86
790.455	7010.42
790.852	6818.11
791.249	6901.95
791.646	6974.49
792.042	6967.26
792.439	6933.59
792.836	6998.45
793.232	7095.62
793.629	7141.04
794.025	7077.31
794.421	6988.95
794.818	7023.98
795.214	7051.33
795.61	7086.81
796.006	7068.95
796.402	6981.05
796.798	6972.46
797.194	7009.52
797.59	7079.12
797.986	7021.27
798.382	6960.71
798.777	7000.03
799.173	7180.36
799.569	7025.56
799.964	7040.25
800.36	6962.29
800.755	6906.92
801.15	6706.02
801.546	6441.17
801.941	6519.81
802.336	6553.26
802.731	6591
803.126	6740.37
803.521	6841.16
803.916	7096.75
804.311	7208.38
804.706	7322.28
805.1	7078.9
805.495	7000.48
805.889	7076.18
806.284	7052
806.678	7039.57
807.073	7184.88
807.467	7288.83
807.862	7407.93
808.256	7283.86
808.65	7116.86
809.044	7015.62
809.438	6892.23
809.832	6831.67
810.226	6743.76
810.62	6682.75
811.014	6482.08
811.407	6645.46
811.801	6520.72
812.195	6571.79
812.588	6406.6
812.982	6579.93
813.375	6623.09
813.769	6588.51
814.162	6596.65
814.555	6614.05
814.948	6709.19
815.341	6586.71
815.734	6538.8
816.127	6491.57
816.52	6351.46
816.913	6305.36
817.306	6184.91
817.699	6129.99
818.092	6024.46
818.484	5826.95
818.877	5905.37
819.269	5979.72
819.662	6069.43
820.054	6050
820.446	6182.2
820.839	6118.24
821.231	6041.86
821.623	6056.78
822.015	5964.12
822.407	5876.44
822.799	5862.43
823.191	5735.88
823.583	5811.81
823.975	5717.8
824.366	5797.8
824.758	5875.99
825.15	5817.46
825.541	5901.53
825.933	6006.16
826.324	5968.42
826.715	6018.36
827.107	5973.61
827.498	5766.39
827.889	5715.09
828.28	5755.09
828.671	5765.48
829.062	5804.13
829.453	5817.91
829.844	5877.8
830.234	5769.33
830.625	5740.4
831.016	5694.98
831.406	5746.73
831.797	5798.25
832.187	5807.29
832.578	5930.45
832.968	5821.98
833.358	5826.27
833.749	5691.81
834.139	5644.81
834.529	5799.16
834.919	5798.48
835.309	5705.15
835.699	5559.84
836.089	5500.18
836.478	5396.23
836.868	5356.46
837.258	5337.47
837.647	5443.23
838.037	5505.6
838.426	5532.95
838.816	5614.53
839.205	5647.3
839.594	5639.61
839.984	5470.35
840.373	5342.67
840.762	5304.03
841.151	5337.25
841.54	5365.04
841.929	5554.42
842.318	5766.61
842.706	5499.95
843.095	5542.44
843.484	5484.14
843.872	5365.49
844.261	5400.97
844.649	5419.28
845.038	5494.98
845.426	5565.72
845.814	5447.98
846.202	5490.24
846.591	5501.54
846.979	5483.68
847.367	5460.41
847.755	5563.91
848.143	5582.21
848.53	5479.84
848.918	5367.75
849.306	5300.86
849.694	5243.01
850.081	5305.84
850.469	5256.12
850.856	5202.56
851.244	5208.44
851.631	5197.59
852.018	5104.94
852.405	5071.72
852.792	5010.25
853.18	4874.21
853.567	4879.86
853.953	4961.89
854.34	5118.72
854.727	5012.06
855.114	4947.2
855.501	4963.7
855.887	4893.87
856.274	4949.23
856.66	4956.01
857.047	5075.56
857.433	5301.09
857.82	5344.03
858.206	5476.45
858.592	5574.3
858.978	5480.29
859.364	5379.73
859.75	5388.32
860.136	5375.44
860.522	5465.83
860.908	5413.85
861.293	5289.11
861.679	5319.62
862.065	5264.71
862.45	5351.71
862.836	5331.15
863.221	5396.91
863.607	5474.19
863.992	5503.12
864.377	5680.51
864.762	5727.29
865.147	5808.19
865.532	5829.44
865.917	5642.55
866.302	5539.5
866.687	5371.14
867.072	5240.07
867.457	5257.93
867.841	5198.72
868.226	5254.99
868.611	5192.17
868.995	5005.73
869.379	4982.45
869.764	5040.08
870.148	5074.43
870.532	5109
870.916	5194.65
871.3	5296.8
871.685	5368.66
872.068	5283.24
872.452	5309.45
872.836	5381.77
873.22	5324.82
873.604	5383.8
873.987	5224.26
874.371	5161.21
874.754	5202.56
875.138	5242.33
875.521	5354.2
875.905	5397.36
876.288	5434.19
876.671	5473.74
877.054	5433.29
877.437	5382.22
877.82	5425.83
878.203	5466.73
878.586	5489.33
878.969	5411.37
879.351	5498.6
879.734	5383.8
880.117	5464.25
880.499	5480.97
880.882	5414.08
881.264	5337.7
881.647	5243.92
882.029	5269.9
882.411	5311.03
882.793	5440.75
883.175	5334.53
883.557	5312.61
883.939	5470.8
884.321	5379.05
884.703	5546.51
885.085	5638.71
885.467	5746.73
885.848	5820.17
886.23	5838.48
886.611	5765.94
886.993	5772.04
887.374	5846.16
887.755	5951.69
888.137	5956.89
888.518	5927.51
888.899	6080.73
889.28	6094.74
889.661	6200.95
890.042	6120.05
890.423	6151.69
890.804	6096.55
891.184	6045.93
891.565	5994.86
891.946	5987.85
892.326	6137
892.707	6141.75
893.087	6146.04
893.467	6238.69
893.848	6249.31
894.228	6240.5
894.608	6240.73
894.988	6258.58
895.368	6149.65
895.748	6186.04
896.128	6053.16
896.508	6174.51
896.888	6325.24
897.267	6684.33
897.647	7025.34
898.026	7209.29
898.406	7388.27
898.785	7681.37
899.165	7777.86
899.544	8062.37
899.923	8444.96
900.302	8958.62
900.682	9171.72
901.061	9358.84
901.44	9521.09
901.818	9802.44
902.197	9855.32
902.576	10238.36
902.955	10607.62
903.333	10957.21
903.712	11617.08
904.091	14030.58
904.469	12714.23
904.847	12913.09
905.226	13383.81
905.604	13765.95
905.982	13855.67
906.36	14155.09
906.738	14326.84
907.116	14422.21
907.494	14849.54
907.872	15230.55
908.25	15767.93
908.628	16085.66
909.005	16483.85
909.383	16676.61
909.76	16650.62
910.138	16550.96
910.515	16357.07
910.893	16146.68
911.27	16272.78
911.647	16385.77
912.024	16118.88
912.401	15549.63
912.778	15236.65
913.155	15006.37
913.532	14828.3
913.909	15518.67
914.286	15988.94
914.662	15985.33
915.039	16059.45
915.415	15611.78
915.792	15545.11
916.168	15065.35
916.545	14807.05
916.921	14814.74
917.297	15081.85
917.673	15404.33
918.049	15962.73
918.425	16077.08
918.801	16350.06
919.177	16370.63
919.553	15995.95
919.929	15908.49
920.304	16154.82
920.68	16188.03
921.056	15801.15
921.431	15876.18
921.806	15484.55
922.182	15032.81
922.557	14773.16
922.932	14506.72
923.307	14351.7
923.683	14400.51
924.058	14097.24
924.433	13817.93
924.807	13664.49
925.182	13803.24
925.557	13906.51
925.932	14122.33
926.306	14393.96
926.681	14641.41
927.055	14562.09
927.43	14633.27
927.804	14794.85
928.178	15061.28
928.553	15100.38
928.927	15579.24
929.301	15769.06
929.675	15470.31
930.049	15331.33
930.423	15318.91
930.797	15480.71
931.17	15450.65
931.544	15485.68
931.918	15161.4
932.291	14780.16
932.665	14599.38
933.038	14244.13
933.411	13471.72
933.785	12986.76
934.158	12535.02
934.531	12211.42
934.904	11997.18
935.277	11873.57
935.65	11717.19
936.023	11344.77
936.396	11039.92
936.769	10392.93
937.141	10115.43
937.514	9647.42
937.886	9065.74
938.259	8522.25
938.631	7891.53
939.004	7254.03
939.376	6888.17
939.748	6628.06
940.12	6429.42
940.492	6145.36
940.864	5792.83
941.236	5672.15
941.608	5481.42
941.98	5325.04
942.352	5142.9
942.723	5000.31
943.095	4951.49
943.466	5101.32
943.838	5153.75
944.209	5168.21
944.581	5115.33
944.952	5138.83
945.323	5245.27
945.694	5252.28
946.065	5415.89
946.436	5657.46
946.807	5782.21
947.178	5826.05
947.549	5844.35
947.92	5791.7
948.29	5897.68
948.661	6140.62
949.031	6360.72
949.402	6547.84
949.772	6795.74
950.143	6924.55
950.513	6862.63
950.883	6994.83
951.253	7109.86
951.623	7060.37
951.993	6966.58
952.363	7002.51
952.733	7060.59
953.103	7121.83
953.472	7153.7
953.842	7186.69
954.212	7372.22
954.581	7488.15
954.951	7340.36
955.32	7563.18
955.689	7704.64
956.059	7768.82
956.428	7974.24
956.797	7958.42
957.166	8023.73
957.535	8175.36
957.904	8287.45
958.273	8351.86
958.641	8341.69
959.01	8167.68
959.379	8165.87
959.747	8045.42
960.116	8084.52
960.484	8228.24
960.852	8303.27
961.221	8181.47
961.589	8058.76
961.957	8086.55
962.325	8245.64
962.693	8169.26
963.061	8166.78
963.429	8246.77
963.797	7974.24
964.165	8005.65
964.532	7872.55
964.9	7906.67
965.267	7947.8
965.635	7676.85
966.002	7483.18
966.37	7400.47
966.737	7350.53
967.104	7448.38
967.471	7266.69
967.838	7251.55
968.205	7308.04
968.572	7271.21
968.939	7179.68
969.306	7265.33
969.672	7388.72
970.039	7525.89
970.406	7752.78
970.772	7734.02
971.139	7624.64
971.505	7519.79
971.871	7217.2
972.237	6988.73
972.604	6803.42
972.97	6616.31
973.336	6531.79
973.702	6381.06
974.068	6301.97
974.433	6071.46
974.799	5938.36
975.165	5962.09
975.53	6028.3
975.896	6239.6
976.261	6439.36
976.627	6411.34
976.992	6506.03
977.357	6590.77
977.723	6746.7
978.088	6871.9
978.453	7008.62
978.818	7058.33
979.183	6903.99
979.548	6786.47
979.912	6741.05
980.277	6594.84
980.642	6480.95
981.006	6390.55
981.371	6238.01
981.735	6314.17
982.1	6257.45
982.464	6313.49
982.828	6416.09
983.192	6512.13
983.556	6679.36
983.92	6647.04
984.284	6657.66
984.648	6645.69
985.012	6663.31
985.376	6588.51
985.74	6548.74
986.103	6358.46
986.467	6255.87
986.83	6167.73
987.194	6220.84
987.557	6108.3
987.92	6096.77
988.283	6162.08
988.646	6207.51
989.009	6174.06
989.372	6205.7
989.735	6108.98
990.098	6005.03
990.461	5999.15
990.824	6034.63
991.186	6097.68
991.549	6153.72
991.911	6067.62
992.274	5997.12
992.636	5822.43
992.998	5791.47
993.361	5599.61
993.723	5578.37
994.085	5565.26
994.447	5499.95
994.809	5470.58
995.171	5329.11
995.532	5287.08
995.894	5206.18
996.256	5153.75
996.617	5081.89
996.979	5118.27
997.34	5240.75
997.702	5248.89
998.063	5289.11
998.424	5244.59
998.785	5190.13
999.147	5005.28
999.508	4966.86
999.869	4917.14
1000.229	4883.02
1000.59	4732.74
1000.951	4723.25
1001.312	4664.04
1001.672	4582.46
1002.033	4558.74
1002.393	4484.84
1002.754	4396.71
1003.114	4313.32
1003.474	4209.14
1003.834	4102.7
1004.195	4017.96
1004.555	3882.82
1004.915	3827
1005.274	3828.13
1005.634	3748.36
1005.994	3781.13
1006.354	3769.83
1006.713	3796.27
1007.073	3815.48
1007.432	3719.21
1007.792	3693.22
1008.151	3614.13
1008.51	3541.59
1008.87	3417.52
1009.229	3387.02
1009.588	3252.78
1009.947	3289.84
1010.306	3287.36
1010.665	3283.52
1011.023	3284.42
1011.382	3216.85
1011.741	3104.76
1012.099	3006.46
1012.458	2980.92
1012.816	2853.7
1013.175	2775.05
1013.533	2785.22
1013.891	2694.15
1014.249	2642.63
1014.607	2621.61
1014.965	2531.22
1015.323	2504.55
1015.681	2424.33
1016.039	2425.68
1016.397	2393.14
1016.754	2403.99
1017.112	2397.89
1017.469	2385.69
1017.827	2467.72
1018.184	2386.36
1018.541	2354.95
1018.899	2366.25
1019.256	2350.43
1019.613	2346.14
1019.97	2361.05
1020.327	2395.18
1020.684	2373.93
1021.04	2351.11
1021.397	2344.78
1021.754	2327.83
1022.11	2362.18
1022.467	2353.14
1022.823	2380.94
1023.18	2413.71
1023.536	2414.61
1023.892	2431.56
1024.248	2387.27
1024.604	2379.36
1024.96	2362.86
1025.316	2285.12
1025.672	2300.49
1026.028	2201.74
1026.384	2121.74
1026.739	2016.66
1027.095	1976.66
1027.45	1917.22
1027.806	1872.48
1028.161	1807.4
1028.517	1734.18
1028.872	1837.45
1029.227	1721.3
1029.582	1736.66
1029.937	1725.82
1030.292	1694.63
1030.647	1656.89
1031.002	1663.67
1031.356	1615.08
1031.711	1583
1032.066	1561.98
1032.42	1612.15
1032.775	1480.62
1033.129	1508.42
1033.483	1470.23
1033.837	1415.54
1034.192	1503.45
1034.546	1472.26
1034.9	1407.63
1035.254	1356.79
1035.607	1324.92
1035.961	1279.05
1036.315	1292.38
1036.669	1275.43
