464.603	-379.48
464.985	-379.48
465.366	-379.48
465.747	-444.07
466.128	-443.44
466.509	-263.22
466.89	293.51
467.271	-148.22
467.652	-284.65
468.033	104.15
468.414	-9.59
468.794	-137.19
469.175	-9.27
469.556	22.23
469.936	-23.45
470.317	19.71
470.697	125.26
471.078	7.11
471.458	-181.3
471.838	-207.46
472.219	474.99
472.599	-45.82
472.979	75.79
473.359	-162.72
473.739	1127.19
474.119	3115.93
474.499	3174.53
474.879	3246.37
475.259	3590.74
475.638	3672.03
476.018	4225.61
476.398	4051.37
476.777	3847.84
477.157	4190.64
477.536	4793.68
477.916	4617.24
478.295	4794.63
478.674	4712.71
479.054	4903.64
479.433	5672.74
479.812	5907.46
480.191	5730.71
480.57	5894.86
480.949	6070.36
481.328	6321.15
481.707	6483.1
482.086	6957.28
482.464	6877.26
482.843	6759.73
483.222	7006.44
483.6	7326.55
483.979	7576.09
484.357	7915.1
484.736	7913.84
485.114	7761.35
485.492	8283.74
485.871	8874.18
486.249	7758.51
486.627	8593.77
487.005	11778.52
487.383	8484.12
487.761	8382.67
488.139	8766.11
488.517	9444.78
488.895	9665.96
489.273	9383.34
489.65	9018.49
490.028	9263.61
490.406	7891.47
490.783	8194.57
491.161	8388.34
491.538	9016.28
491.915	8819.05
492.293	8573.29
492.67	7844.84
493.047	7654.22
493.424	8310.83
493.801	8256.96
494.178	7642.57
494.555	7333.48
494.932	7974.97
495.309	7934.95
495.686	7409.1
496.063	7738.66
496.44	6928.93
496.816	6674.35
497.193	6725.71
497.569	7069.45
497.946	6498.54
498.322	6302.88
498.699	5837.2
499.075	5710.54
499.451	5869.66
499.828	5865.87
500.204	5997.26
500.58	6433
500.956	6257.82
501.332	5933.93
501.708	5763.16
502.084	6496.96
502.46	5809.16
502.835	5531.9
503.211	11658.79
503.587	5409.02
503.962	5729.13
504.338	6053.34
504.713	6914.75
505.089	6278.93
505.464	6792.5
505.84	6584.87
506.215	5946.22
506.59	6128.33
506.965	6049.56
507.34	6237.97
507.716	5550.17
508.091	5596.17
508.465	6340.37
508.84	5763.79
509.215	5583.57
509.59	6446.24
509.965	6594.32
510.339	6849.53
510.714	7357.11
511.089	7455.1
511.463	6579.2
511.838	6635.6
512.212	6574.47
512.586	7280.23
512.961	6982.81
513.335	7148.53
513.709	6950.35
514.083	6970.2
514.457	7079.85
514.831	6602.2
515.205	7079.22
515.579	7194.53
515.953	7172.48
516.327	7590.58
516.701	7773.64
517.074	7632.17
517.448	7415.4
517.821	6607.87
518.195	6652.29
518.568	7006.44
518.942	7188.55
519.315	6833.46
519.689	6925.15
520.062	7478.73
520.435	9359.71
520.808	8141.33
521.181	8096.9
521.554	8611.1
521.927	8396.53
522.3	8877.65
522.673	9312.45
523.046	8780.61
523.419	8700.58
523.791	8314.93
524.164	8095.96
524.537	10136.05
524.909	8481.92
525.282	8809.28
525.654	8719.17
526.026	9065.75
526.399	8819.05
526.771	9917.7
527.143	9917.7
527.515	9984.5
527.887	9495.82
528.259	9320.64
528.631	9893.44
529.003	10436.94
529.375	10242.86
529.747	11025.5
530.119	11545.36
530.49	11712.67
530.862	10783.84
531.234	10409.84
531.605	10650.24
531.977	9304.57
532.348	9518.51
532.72	10263.34
533.091	9736.85
533.462	9729.6
533.833	8912.62
534.205	8883.01
534.576	9048.42
534.947	9616.18
535.318	8850.55
535.689	8935.31
536.06	8177.87
536.43	7463.61
536.801	7680.06
537.172	7793.8
537.543	8229.55
537.913	8126.83
538.284	7872.25
538.654	8060.04
539.025	7925.82
539.395	7494.48
539.765	7414.14
540.136	7978.75
540.506	8040.5
540.876	7496.06
541.246	7823.1
541.616	7428.32
541.986	7313.32
542.356	7471.48
542.726	7509.92
543.096	7591.21
543.466	7566.95
543.836	7656.43
544.205	7959.84
544.575	8187.64
544.944	8408.19
545.314	8358.41
545.683	8152.98
546.053	8794.16
546.422	10048.46
546.791	10759.89
547.161	11428.79
547.53	12003.16
547.899	11097.02
548.268	10760.84
548.637	9980.72
549.006	8641.66
549.375	8208.44
549.744	8114.23
550.113	7920.46
550.481	8543.36
550.85	8304.85
551.219	8129.35
551.587	8498.93
551.956	8255.7
552.324	8481.92
552.693	8294.45
553.061	8239.31
553.429	7829.4
553.798	7721.65
554.166	9377.67
554.534	8097.85
554.902	8528.86
555.27	8876.07
555.638	8906.32
556.006	9176.02
556.374	9741.26
556.742	9287.24
557.109	9564.19
557.477	10449.86
557.845	8993.28
558.212	9256.37
558.58	9218.87
558.947	9934.4
559.315	9455.81
559.682	9962.76
560.05	10132.27
560.417	10572.74
560.784	10493.97
561.151	10236.87
561.518	10201.9
561.885	10559.5
562.252	11392.24
562.619	11352.86
562.986	11111.83
563.353	10495.86
563.72	9938.81
564.086	10068.62
564.453	10438.2
564.82	10391.89
565.186	11525.83
565.553	12443.64
565.919	11545.68
566.286	11336.79
566.652	10853.78
567.018	11505.67
567.384	12043.18
567.751	17310.24
568.117	13112.22
568.483	13096.46
568.849	13841.61
569.215	14940.27
569.581	16189.53
569.946	16350.21
570.312	14919.16
570.678	15386.41
571.044	15058.73
571.409	14634.65
571.775	15054.01
572.14	14983.75
572.506	14716.57
572.871	14729.17
573.237	14111.31
573.602	13888.87
573.967	14014.27
574.332	14665.84
574.697	14585.81
575.062	14553.36
575.427	13585.46
575.792	12338.72
576.157	12297.44
576.522	12732.56
576.887	13134.27
577.252	13061.81
577.616	13006.98
577.981	13004.15
578.346	12748.94
578.71	13351.67
579.075	11985.21
579.439	12632.99
579.803	12525.87
580.168	12552.34
580.532	13031.56
580.896	17313.71
581.26	12866.78
581.624	12973.9
581.988	12906.16
582.352	12297.13
582.716	12281.69
583.08	11496.21
583.444	10694.99
583.808	10927.82
584.172	11089.46
584.535	10951.77
584.899	10911.12
585.262	11491.17
585.626	12483.02
585.989	11851.61
586.353	11438.24
586.716	11412.72
587.079	10528.63
587.442	10315.64
587.806	10463.09
588.169	10637.64
588.532	10867.64
588.895	10311.54
589.258	9720.47
589.621	8856.85
589.983	9807.43
590.346	10108.95
590.709	12460.65
591.072	10481.68
591.434	10568.64
591.797	10327.93
592.159	11038.73
592.522	11085.36
592.884	10989.89
593.246	10785.1
593.609	11225.57
593.971	11377.43
594.333	13257.47
594.695	12968.86
595.057	12481.13
595.419	12702.94
595.781	11994.97
596.143	12171.41
596.505	11712.35
596.867	11897.62
597.228	11519.21
597.59	11087.88
597.952	10526.74
598.313	11548.83
598.675	10479.79
599.036	10026.09
599.398	10207.57
599.759	10140.46
600.12	10268.38
600.482	9790.1
600.843	10599.2
601.204	10875.84
601.565	10766.82
601.926	11468.49
602.287	11554.82
602.648	11776.31
603.009	11621.93
603.37	12001.59
603.73	11498.1
604.091	11431.94
604.452	13104.03
604.812	13051.09
605.173	13219.03
605.533	13075.67
605.894	13610.66
606.254	13391.69
606.614	13367.11
606.975	13300.32
607.335	14328.4
607.695	14712.78
608.055	14216.86
608.415	14435.52
608.775	14162.04
609.135	13602.47
609.495	13720.31
609.855	14549.89
610.215	14916.01
610.574	15216.27
610.934	15159.56
611.294	15504.56
611.653	16002.06
612.013	15677.85
612.372	16443.48
612.731	17354.98
613.091	16640.71
613.45	16741.53
613.809	16250.34
614.168	16103.83
614.528	16997.69
614.887	16920.5
615.246	16881.11
615.605	16700.57
615.963	16565.09
616.322	17236.2
616.681	18435.99
617.04	18787.3
617.398	19239.74
617.757	19441.07
618.116	18458.36
618.474	18198.74
618.833	16856.54
619.191	15698.65
619.549	17022.89
619.908	17157.74
620.266	16370.38
620.624	17064.17
620.982	16616.77
621.34	17630.35
621.698	17928.1
622.056	18279.4
622.414	17442.88
622.772	18287.91
623.13	18373.92
623.488	18151.48
623.845	18588.17
624.203	19326.39
624.561	18934.12
624.918	18190.87
625.276	17511.89
625.633	17652.41
625.99	17967.48
626.348	18471.6
626.705	19249.51
627.062	19414.61
627.419	19989.93
627.776	16362.5
628.133	15824.67
628.49	15180.98
628.847	15011.79
629.204	16974.06
629.561	16973.11
629.918	16734.92
630.274	17028.25
630.631	16889.62
630.988	17548.43
631.344	16768
631.701	16758.23
632.057	17912.66
632.414	18283.81
632.77	18270.58
633.126	19058.89
633.482	20596.76
633.839	22005.44
634.195	19724.95
634.551	18938.85
634.907	18736.89
635.263	18723.97
635.619	19437.61
635.974	19032.42
636.33	18891.27
636.686	17563.56
637.042	16617.71
637.397	15687.3
637.753	15904.07
638.108	16002.06
638.464	17843.66
638.819	17638.86
639.175	17252.58
639.53	16656.46
639.885	16306.42
640.24	16465.22
640.595	16140.06
640.951	16088.07
641.306	17278.73
641.66	17338.6
642.015	17938.18
642.37	18415.2
642.725	18810.3
643.08	18283.81
643.435	18295.15
643.789	18796.75
644.144	17734.33
644.498	17361.6
644.853	17828.53
645.207	18264.59
645.562	17689.9
645.916	17968.42
646.27	19243.84
646.624	19085.67
646.978	18799.9
647.333	17894.38
647.687	17229.27
648.041	16990.44
648.395	17541.19
648.748	18542.49
649.102	18509.72
649.456	16588.72
649.81	17365.38
650.163	17471.87
650.517	20227.18
650.871	19529.29
651.224	18519.17
651.577	17806.79
651.931	17500.86
652.284	17373.25
652.637	16880.17
652.991	17615.23
653.344	17937.55
653.697	19193.74
654.05	20385.34
654.403	20630.78
654.756	20071.53
655.109	19761.5
655.462	20089.49
655.815	21819.24
656.167	22791.86
656.52	20048.85
656.873	19977.32
657.225	19442.65
657.578	19273.14
657.93	19538.43
658.283	20119.11
658.635	20893.55
658.987	21095.83
659.339	20924.12
659.692	20966.97
660.044	20171.09
660.396	20062.71
660.748	19530.55
661.1	19649.33
661.452	20413.7
661.804	21148.13
662.155	20888.2
662.507	20791.47
662.859	20159.44
663.211	19808.45
663.562	21640.59
663.914	24261.05
664.265	24877.96
664.617	24972.48
664.968	22740.19
665.319	22455.68
665.671	23897.45
666.022	24175.35
666.373	24118.95
666.724	24594.08
667.075	23215.32
667.426	22733.89
667.777	24296.65
668.128	24143.84
668.479	24303.89
668.829	23031
669.18	23902.81
669.531	24732.08
669.881	24986.03
670.232	27058.26
670.583	29015.17
670.933	29852.31
671.283	30166.44
671.634	28578.48
671.984	29203.9
672.334	28021.43
672.684	26434.73
673.035	25364.74
673.385	25498.02
673.735	26402.91
674.085	26972.24
674.434	26844.01
674.784	26844.95
675.134	26740.35
675.484	26995.56
675.834	28282
676.183	28599.59
676.533	26136.35
676.882	24521.92
677.232	23748.42
677.581	22946.56
677.931	22369.98
678.28	23206.81
678.629	25312.76
678.978	26627.24
679.327	25517.24
679.677	25404.44
680.026	25856.57
680.375	25344.58
680.724	26990.2
681.072	26593.21
681.421	25878.94
681.77	24621.17
682.119	23152.94
682.467	22003.55
682.816	21596.17
683.164	23924.86
683.513	24332.88
683.861	24715.06
684.21	23677.85
684.558	23539.21
684.906	24243.72
685.255	24728.61
685.603	25233.36
685.951	25259.51
686.299	25662.8
686.647	25796.71
686.995	24991.7
687.343	24960.19
687.691	34032.69
688.038	26677.02
688.386	26556.98
688.734	25400.66
689.081	25256.36
689.429	26102.01
689.777	25778.43
690.124	25947.31
690.471	25795.45
690.819	26148.01
691.166	25951.72
691.513	25094.1
691.861	25341.43
692.208	24449.14
692.555	22586.75
692.902	22893.32
693.249	23959.84
693.596	23284.64
693.943	23580.49
694.289	24244.66
694.636	25197.12
694.983	24776.19
695.329	23447.53
695.676	23291.25
696.023	23905.01
696.369	23928.33
696.715	23259.75
697.062	22585.81
697.408	22465.13
697.754	21418.15
698.101	19867.36
698.447	19236.28
698.793	20363.92
699.139	21259.67
699.485	22064.36
699.831	21740.15
700.177	20300.59
700.523	20321.38
700.868	20202.6
701.214	20581.63
701.56	20388.18
701.905	20371.79
702.251	19420.28
702.597	19344.03
702.942	17993.63
703.287	18399.13
703.633	18876.46
703.978	19195.95
704.323	18923.09
704.668	18378.65
705.014	18133.84
705.359	18130.37
705.704	18087.84
706.049	17475.34
706.394	16940.34
706.738	17870.12
707.083	18461.2
707.428	18895.68
707.773	18666.62
708.117	19395.07
708.462	19942.04
708.806	20307.84
709.151	19605.85
709.495	20321.38
709.84	21263.76
710.184	23409.41
710.528	23376.32
710.872	22156.36
711.217	21824.59
711.561	21133.01
711.905	23063.77
712.249	19891.63
712.593	19578.44
712.937	19272.51
713.28	19364.51
713.624	19054.16
713.968	18592.27
714.312	17781.59
714.655	16058.46
714.999	16331.31
715.342	16238.36
715.686	17056.29
716.029	16373.84
716.372	16340.76
716.716	17122.77
717.059	16271.76
717.402	16260.73
717.745	16461.43
718.088	16425.52
718.431	17688.96
718.774	17295.75
719.117	16197.09
719.46	16759.81
719.803	16632.52
720.146	16344.86
720.488	15666.19
720.831	15251.56
721.173	16165.58
721.516	16922.39
721.858	17930.3
722.201	17602.31
722.543	18016.32
722.886	17299.53
723.228	17854.05
723.57	17004.62
723.912	17166.88
724.254	16906
724.596	16884.89
724.938	16790.37
725.28	16636.3
725.622	17007.14
725.964	17464.94
726.306	18589.43
726.647	19678.32
726.989	19859.49
727.331	18809.04
727.672	17824.12
728.014	17411.06
728.355	17336.08
728.697	17821.6
729.038	16746.58
729.379	14782.42
729.72	13569.7
730.062	14206.15
730.403	14877.57
730.744	15997.02
731.085	16600.38
731.426	16895.92
731.767	14524.06
732.107	14295.31
732.448	15387.35
732.789	16903.17
733.13	16927.11
733.47	16124.31
733.811	15341.35
734.151	15564.42
734.492	15229.19
734.832	15413.19
735.173	15799.15
735.513	16696.16
735.853	16745.95
736.193	16343.6
736.534	15888.32
736.874	16951.06
737.214	18395.98
737.554	18708.21
737.894	19019.82
738.233	19827.04
738.573	20856.06
738.913	20164.16
739.253	18834.56
739.592	19306.54
739.932	19395.7
740.272	19074.96
740.611	20162.59
740.951	20754.61
741.29	20857.95
741.629	20627
741.969	19683.99
742.308	18752.01
742.647	18106.74
742.986	18504.05
743.325	18062
743.664	16944.13
744.003	16464.59
744.342	17329.46
744.681	18957.12
745.02	19484.87
745.358	19896.35
745.697	20177.4
746.036	19676.43
746.374	20239.15
746.713	21497.23
747.051	22866.54
747.39	24503.02
747.728	22708.05
748.066	20501.92
748.405	18891.59
748.743	19273.14
749.081	21045.42
749.419	22744.6
749.757	20788.95
750.095	19466.59
750.433	19494
750.771	19570.88
751.109	18880.56
751.446	19670.44
751.784	19482.98
752.122	20564.93
752.459	23302.6
752.797	21725.97
753.134	22859.92
753.472	22094.92
753.809	20930.1
754.147	20774.77
754.484	22470.18
754.821	23705.26
755.158	24612.04
755.495	24254.43
755.832	23936.52
756.169	23164.59
756.506	23482.19
756.843	22365.26
757.18	20442.37
757.517	21817.66
757.854	21993.79
758.19	22736.73
758.527	22934.91
758.864	21759.37
759.2	20617.87
759.537	20921.6
759.873	21130.49
760.209	20841.57
760.546	21042.27
760.882	21480.53
761.218	22257.19
761.554	23547.09
761.89	23828.14
762.226	23295.98
762.562	22772.64
762.898	22169.6
763.234	21133.01
763.57	20353.52
763.906	20193.46
764.242	21603.73
764.577	23092.44
764.913	24339.81
765.248	23173.73
765.584	22577.3
765.919	22691.04
766.255	23186.33
766.59	24664.97
766.925	24693.01
767.261	24616.45
767.596	24639.13
767.931	23257.23
768.266	22130.21
768.601	22458.2
768.936	22202.36
769.271	22409.05
769.606	21871.85
769.94	22063.42
770.275	22519.64
770.61	22116.66
770.945	21288.02
771.279	22596.52
771.614	23096.54
771.948	23721.64
772.283	22377.23
772.617	21370.57
772.951	20497.82
773.285	19807.19
773.62	18379.91
773.954	19999.06
774.288	17821.29
774.622	17040.22
774.956	16234.9
775.29	14552.41
775.624	15960.16
775.958	14791.55
776.291	14899.62
776.625	14636.85
776.959	14292.48
777.292	14970.2
777.626	15489.75
777.959	16341.08
778.293	16534.22
778.626	16134.71
778.96	15483.14
779.293	15093.08
779.626	14778.95
779.959	14430.17
780.292	14468.29
780.625	15586.16
780.959	16245.3
781.291	16163.69
781.624	16290.04
781.957	15768.59
782.29	15071.65
782.623	14489.4
782.955	13821.13
783.288	13937.39
783.621	14155.11
783.953	13898.95
784.286	12731.61
784.618	12905.53
784.951	12899.54
785.283	12972.64
785.615	13661.7
785.947	13277
786.279	12708.93
786.612	11924.4
786.944	12348.8
787.276	11904.23
787.608	11304.65
787.939	10984.54
788.271	11030.54
788.603	12227.5
788.935	12012.93
789.266	11709.52
789.598	10683.96
789.93	11130.73
790.261	12114.07
790.593	12058.93
790.924	12284.21
791.255	13021.48
791.587	13407.76
791.918	14168.03
792.249	14975.24
792.58	14822.11
792.911	14742.09
793.242	15259.43
793.573	15877.61
793.904	17112.37
794.235	17283.46
794.566	16931.84
794.897	16943.18
795.227	16254.43
795.558	15889.58
795.889	16043.65
796.219	15665.88
796.55	15202.72
796.88	15413.51
797.21	16166.84
797.541	14973.98
797.871	15496.37
798.201	14509.88
798.531	14501.06
798.861	14785.25
799.192	14216.55
799.522	13786.16
799.851	13200.44
800.181	13673.36
800.511	12081.62
800.841	11395.08
801.171	11381.84
801.5	11105.52
801.83	11363.88
802.16	11518.9
802.489	11060.47
802.819	10857.56
803.148	11460.3
803.477	11529.61
803.807	12227.81
804.136	13099.3
804.465	13795.92
804.794	13333.08
805.123	14167.08
805.452	13875.64
805.781	13493.14
806.11	13468.88
806.439	12263.1
806.768	11903.29
807.097	12111.23
807.425	11846.26
807.754	12023.64
808.083	12723.42
808.411	13015.81
808.74	13223.44
809.068	13912.5
809.397	13159.79
809.725	12157.23
810.053	12358.88
810.381	12897.65
810.71	12779.5
811.038	12892.61
811.366	13097.73
811.694	12759.02
812.022	12541.62
812.35	12715.54
812.678	13482.74
813.005	12905.53
813.333	12368.02
813.661	12103.99
813.988	12432.29
814.316	12637.4
814.643	11741.65
814.971	11035.89
815.298	11914.31
815.626	10946.41
815.953	10903.88
816.28	11716.76
816.608	12846.93
816.935	12964.45
817.262	11901.71
817.589	11735.98
817.916	11961.58
818.243	12251.44
818.57	12821.41
818.896	12181.81
819.223	11770.01
819.55	11273.46
819.877	11693.45
820.203	13160.42
820.53	13470.14
820.856	12927.59
821.183	12703.88
821.509	13089.85
821.836	13310.4
822.162	12667.65
822.488	11657.53
822.814	11152.15
823.14	11460.3
823.466	12352.58
823.792	12590.77
824.118	12314.77
824.444	11726.85
824.77	10662.85
825.096	9978.2
825.422	10324.15
825.747	10648.98
826.073	10848.43
826.399	11635.48
826.724	12101.47
827.05	12182.44
827.375	11556.39
827.701	11219.9
828.026	10697.82
828.351	10553.2
828.676	11253.29
829.002	12195.67
829.327	12532.17
829.652	12401.73
829.977	12264.67
830.302	12952.48
830.627	13890.76
830.951	14867.8
831.276	14916.01
831.601	16664.66
831.926	15799.47
832.25	14773.28
832.575	14465.14
832.899	15361.83
833.224	15212.8
833.548	17546.86
833.873	15439.34
834.197	15356.79
834.521	15479.99
834.845	15743.39
835.169	14629.92
835.494	14066.89
835.818	13879.73
836.142	13952.2
836.465	14486.88
836.789	13323.32
837.113	13643.11
837.437	12900.8
837.761	13540.09
838.084	12874.02
838.408	13330.56
838.732	13386.65
839.055	14649.46
839.378	16037.35
839.702	16819.04
840.025	16857.8
840.348	16474.04
840.672	16455.45
840.995	16752.88
841.318	15296.3
841.641	15014.94
841.964	15545.21
842.287	16299.17
842.61	18009.38
842.933	18081.85
843.256	17977.25
843.578	17583.09
843.901	16704.99
844.224	18371.72
844.546	17404.13
844.869	17845.55
845.191	16852.75
845.514	16817.78
845.836	17093.15
846.158	17052.51
846.481	15632.8
846.803	13575.06
847.125	12998.79
847.447	11834.29
847.769	11888.48
848.091	13175.23
848.413	12863.94
848.735	11763.71
849.057	12665.45
849.379	13161.05
849.7	14030.34
850.022	14093.04
850.344	14406.22
850.665	14985.95
850.987	15376.96
851.308	15498.26
851.63	15547.41
851.951	15699.28
852.272	16379.52
852.594	17285.03
852.915	18007.81
853.236	16992.65
853.557	17549.38
853.878	18106.74
854.199	18532.09
854.52	18434.1
854.841	18871.42
855.162	19198.78
855.482	19393.18
855.803	19326.7
856.124	19860.12
856.444	20186.85
856.765	19460.92
857.085	18368.88
857.406	17426.5
857.726	16596.92
858.047	16390.86
858.367	16347.38
858.687	16101.94
859.007	16651.42
859.327	17601.37
859.648	18791.08
859.968	19988.35
860.288	20046.33
860.607	19425.63
860.927	18907.65
861.247	19683.68
861.567	20718.37
861.887	20433.86
862.206	21075.35
862.526	21569.7
862.845	21978.66
863.165	21060.23
863.484	20746.1
863.804	18942.94
864.123	17835.46
864.442	17226.75
864.761	16785.33
865.081	16315.87
865.4	16321.86
865.719	16479.71
866.038	15718.18
866.357	14697.98
866.676	14002.61
866.994	14166.76
867.313	15946.29
867.632	15946.61
867.951	15948.18
868.269	15627.12
868.588	15577.03
868.906	16835.11
869.225	17262.35
869.543	17993
869.862	17947
870.18	17301.42
870.498	16453.24
870.816	16210.95
871.134	16330.36
871.453	16822.19
871.771	16745.63
872.089	15334.11
872.407	16897.81
872.724	14595.26
873.042	14388.58
873.36	14698.29
873.678	13934.87
873.995	13971.42
874.313	14343.52
874.631	15074.17
874.948	15478.41
875.265	16327.21
875.583	16234.27
875.9	16760.75
876.217	16905.69
876.535	17797.34
876.852	18620.94
877.169	19152.47
877.486	19094.18
877.803	19311.89
878.12	18588.8
878.437	17507.16
878.754	17244.39
879.071	15365.93
879.387	15914.47
879.704	14568.17
880.021	14322.1
880.337	15165.54
880.654	15233.91
880.97	16062.87
881.287	15485.97
881.603	15430.52
881.92	15592.47
882.236	15572.93
882.552	15566
882.868	16331.63
883.184	16525.08
883.5	16793.84
883.816	17773.08
884.132	16339.5
884.448	16210.64
884.764	17027.62
885.08	17140.42
885.396	17781.27
885.711	18289.8
886.027	18270.58
886.342	17649.89
886.658	16936.56
886.973	16434.34
887.289	15330.33
887.604	14703.96
887.92	14305.4
888.235	14154.79
888.55	13959.76
888.865	14449.7
889.18	14350.45
889.495	13776.39
889.81	13981.19
890.125	13911.56
890.44	13903.36
890.755	14035.38
891.07	13786.47
891.384	13637.76
891.699	13947.16
892.014	14373.14
892.328	14296.89
892.643	14026.24
892.957	12928.22
893.272	13965.43
893.586	14629.92
893.9	15965.83
894.215	16626.53
894.529	17022.58
894.843	16329.1
895.157	16104.46
895.471	15814.91
895.785	14894.27
896.099	14916.01
896.413	14688.84
896.727	14783.68
897.04	15491.01
897.354	16805.18
897.668	17806.48
897.981	17962.44
898.295	18534.29
898.608	19429.1
898.922	20003.16
899.235	20765
899.549	21475.81
899.862	21504.48
900.175	21309.76
900.488	20427.25
900.801	20253.01
901.114	19255.49
901.427	18297.99
901.74	17032.66
902.053	17026.67
902.366	16153.61
902.679	17560.72
902.992	16285.31
903.304	16323.75
903.617	16712.86
903.93	18257.35
904.242	18354.07
904.555	19304.33
904.867	20324.85
905.179	20108.39
905.492	20762.17
905.804	21555.84
906.116	21990.32
906.428	22648.19
906.741	22218.12
907.053	22304.45
907.365	22496.01
907.677	23097.48
907.988	23957.32
908.3	24924.59
908.612	25574.58
908.924	25539.92
909.236	25077.4
909.547	25621.84
909.859	23994.18
910.17	23665.56
910.482	24699.94
910.793	24881.11
911.104	23385.77
911.416	20703.25
911.727	20116.59
912.038	20660.09
912.349	20714.59
912.66	21975.51
912.972	22038.53
913.283	23165.22
913.593	25045.89
913.904	25946.37
914.215	25573.01
914.526	25162.47
914.837	24288.77
915.147	23670.28
915.458	23126.79
915.769	23543
916.079	24048.06
916.389	24509.01
916.7	25986.38
917.01	28065.86
917.321	26700.33
917.631	26641.1
917.941	26023.87
918.251	28226.86
918.561	29676.82
918.871	30421.02
919.181	32346.74
919.491	33835.14
919.801	33013.43
920.111	34330.12
920.421	35279.43
920.73	36871.49
921.04	37069.04
921.35	37084.48
921.659	35465.95
921.969	36692.85
922.278	37385.69
922.587	39593.08
922.897	38227.25
923.206	39062.82
923.515	38101.85
923.824	40002.36
924.134	39508.33
924.443	41107.01
924.752	41908.86
925.061	43945.18
925.37	42524.52
925.678	42374.86
925.987	40539.56
926.296	38577.92
926.605	38636.53
926.913	38992.24
927.222	38784.92
927.53	37081.64
927.839	37754.64
928.147	38625.18
928.456	38100.27
928.764	36677.72
929.072	35757.08
929.381	34401.33
929.689	35767.16
929.997	38758.14
930.305	37573.47
930.613	38427.63
930.921	40606.04
931.229	41517.23
931.537	39883.58
931.844	40152.34
932.152	40711.28
932.46	41938.48
932.767	40937.5
933.075	40983.5
933.383	37397.98
933.69	35548.19
933.997	35775.04
934.305	36193.46
934.612	35733.14
934.919	34050.65
935.227	32907.88
935.534	31057.47
935.841	29903.04
936.148	29026.83
936.455	26286.01
936.762	25011.23
937.069	23957
937.376	23462.02
937.682	21997.25
937.989	22164.24
938.296	22014.27
938.602	20698.84
938.909	20078.78
939.216	19480.77
939.522	18761.15
939.828	18268.37
940.135	17919.59
940.441	18626.93
940.747	18630.71
941.053	20497.51
941.36	21976.46
941.666	22517.12
941.972	22524.68
942.278	22300.98
942.584	22235.45
942.89	22157.31
943.195	21859.57
943.501	21322.68
943.807	21967.01
944.113	21891.7
944.418	24100.67
944.724	21346.31
945.029	20364.86
945.335	20293.97
945.64	19552.29
945.945	20910.25
946.251	22667.41
946.556	23580.8
946.861	25613.96
947.166	27599.55
947.471	29324.88
947.776	30071.92
948.081	29288.65
948.386	29571.59
948.691	27993.7
948.996	28308.78
949.301	28551.07
949.605	28960.98
949.91	29063.69
950.215	29082.91
950.519	27587.58
950.824	26987.05
951.128	26470.65
951.433	26679.54
951.737	28197.24
952.041	28442.37
952.345	29629.56
952.65	29403.65
952.954	30647.24
953.258	31298.81
953.562	30682.85
953.866	30941.52
954.17	30393.61
954.474	29100.55
954.777	27928.48
955.081	27066.13
955.385	25985.75
955.689	25361.91
955.992	25204.37
956.296	25862.56
956.599	26486.71
956.903	27949.59
957.206	30079.8
957.509	31968.02
957.813	32060.97
958.116	32060.34
958.419	32559.1
958.722	33187.67
959.025	33029.5
959.328	33255.72
959.631	33022.89
959.934	34839.28
960.237	33473.44
960.54	33978.18
960.842	33446.66
961.145	33271.16
961.448	33757.63
961.75	34327.6
962.053	35138.28
962.355	34380.53
962.658	33306.14
962.96	33098.5
963.262	33240.92
963.565	33418.62
963.867	34790.44
964.169	34869.21
964.471	35979.52
964.773	36134.85
965.075	36627.63
965.377	36392.27
965.679	37107.17
965.981	37981.49
966.283	38218.42
966.585	38432.04
966.886	39135.91
967.188	38131.78
967.489	38197.31
967.791	38119.49
968.092	38304.75
968.394	38111.62
968.695	37185.62
968.997	35178.29
969.298	34058.21
969.599	33735.89
969.9	35381.83
970.201	36894.81
970.502	38543.89
970.803	40424.56
971.104	41271.47
971.405	41941.32
971.706	43356.94
972.007	43551.65
972.307	44023
972.608	45545.74
972.909	46641.88
973.209	47586.78
973.51	47581.11
973.81	48779.33
974.111	49464.92
974.411	49047.14
974.711	47743.05
975.012	47504.23
975.312	46405.57
975.612	44785.16
975.912	43264.3
976.212	42502.15
976.512	43139.22
976.812	44073.09
977.112	43445.47
977.412	43783.54
977.712	44761.84
978.011	44020.16
978.311	43345.91
978.611	43101.73
978.91	41488.24
979.21	41514.39
979.509	40837.62
979.808	40171.87
980.108	41734.31
980.407	41404.75
980.706	41964
981.006	42190.85
981.305	41466.19
981.604	40989.8
981.903	40750.03
982.202	39969.6
982.501	38619.83
982.8	39106.3
983.098	40336.97
983.397	40281.2
983.696	41130.95
983.995	38949.71
984.293	36822.97
984.592	35147.73
984.89	35783.86
985.189	34219.84
985.487	33845.85
985.785	34260.8
986.084	34290.11
986.382	34434.72
986.68	34500.26
986.978	34357.22
987.276	33873.27
987.574	33901.31
987.872	33016.9
988.17	32537.67
988.468	31343.87
988.766	30511.13
989.064	30113.19
989.361	30207.09
989.659	30323.66
989.957	31624.91
990.254	31640.98
990.552	32796.66
990.849	33466.51
991.147	32286.88
991.444	31624.28
991.741	30877.56
992.039	30243
992.336	29752.75
992.633	28473.87
992.93	28414.64
993.227	28143.05
993.524	29027.77
993.821	29243.91
994.118	28773.82
994.414	27488.33
994.711	26548.47
995.008	26033.01
995.305	25149.86
995.601	24342.33
995.898	23802.93
996.194	23503.93
996.491	22877.88
996.787	22794.07
997.083	22492.86
997.38	21865.24
997.676	21962.91
997.972	21554.89
998.268	21357.34
998.564	20997.84
998.86	19848.78
999.156	18160.93
999.452	17268.96
999.748	16715.07
1000.044	17039.59
1000.34	16809.59
1000.635	16261.36
1000.931	15687.62
1001.227	16066.65
1001.522	16448.2
1001.818	17328.83
1002.113	18067.99
1002.408	21076.61
1002.704	20991.54
1002.999	22062.47
1003.294	23145.06
1003.589	24073.26
1003.885	24451.66
1004.18	24903.79
1004.475	25314.33
1004.77	25937.54
1005.064	25813.72
1005.359	28379.04
1005.654	27833.33
1005.949	27202.87
1006.244	27286.68
1006.538	25395.3
1006.833	25382.7
1007.127	25182.32
1007.422	25239.66
1007.716	25067
1008.011	24337.61
1008.305	23989.77
1008.599	23618.93
1008.893	23772.68
1009.188	24048.37
1009.482	24852.75
1009.776	25270.85
1010.07	25022.89
1010.364	24526.02
1010.658	24386.76
1010.952	22643.46
1011.245	21697.62
1011.539	20233.79
1011.833	18959.01
1012.126	18454.27
1012.42	17701.56
1012.714	17556.94
1013.007	17327.57
1013.3	17435.95
1013.594	15965.83
1013.887	15474.31
1014.18	14276.72
1014.474	13655.09
1014.767	12898.91
1015.06	12848.82
1015.353	12383.77
1015.646	11848.15
1015.939	11076.54
1016.232	10461.2
1016.525	9860.99
1016.817	9577.11
1017.11	10477.27
1017.403	9464.94
1017.696	9249.75
1017.988	9374.52
1018.281	9584.67
1018.573	10398.19
1018.866	10721.77
1019.158	10824.48
1019.45	11242.9
1019.742	10739.1
1020.035	10450.17
1020.327	10192.13
1020.619	9826.65
1020.911	10074.61
1021.203	10425.91
1021.495	10604.87
1021.787	10521.38
1022.079	10714.52
1022.371	10877.1
1022.662	10828.58
1022.954	12748.94
1023.246	12581.64
1023.537	11406.73
1023.829	11360.42
1024.12	11229.66
1024.412	11193.74
1024.703	11539.06
1024.994	10851.26
1025.286	11130.41
1025.577	11566.79
1025.868	11555.76
1026.159	11692.5
1026.45	11568.68
1026.741	11975.75
1027.032	12286.1
1027.323	12110.29
1027.614	12288.93
1027.905	12248.29
1028.195	12708.93
1028.486	12241.99
1028.777	11648.08
1029.067	11161.61
1029.358	11237.22
1029.648	10743.19
1029.939	11261.8
1030.229	10605.5
1030.519	10842.12
1030.81	10974.77
1031.1	11088.2
1031.39	11142.7
1031.68	11116.55
1031.97	11250.77
1032.26	11136.72
1032.55	11346.55
1032.84	11579.39
1033.13	11430.99
1033.42	12582.27
1033.709	12542.88
1033.999	11429.1
1034.289	11122.54
1034.578	10659.07
1034.868	10087.21
1035.157	9722.04
1035.447	9585.62
1035.736	10130.06
1036.025	9480.7
1036.315	9518.82
1036.604	9356.24
1036.893	9448.87
1037.182	9519.77
1037.471	9252.27
1037.76	9075.2
1038.049	8657.73
1038.338	8275.55
1038.627	7742.44
1038.915	7548.04
1039.204	7372.86
1039.493	7086.78
1039.782	7296.62
1040.07	6972.09
1040.359	6857.09
1040.647	7865.32
1040.936	6883.87
1041.224	6781.79
1041.512	6771.71
1041.8	6790.93
1042.089	7069.45
1042.377	6449.07
1042.665	6471.76
1042.953	6093.04
1043.241	5987.81
1043.529	5822.71
1043.817	5882.89
1044.105	5878.48
1044.392	5950.94
1044.68	5663.28
1044.968	6122.03
1045.255	5649.42
1045.543	5846.97
1045.831	5415.64
1046.118	5642.49
1046.405	5298.43
1046.693	5489.05
1046.98	5794.04
1047.267	5390.12
1047.555	5554.27
1047.842	5407.76
1048.129	5197.92
1048.416	5370.58
1048.703	4872.77
1048.99	4655.05
1049.277	4527.45
1049.564	4474.2
1049.85	4587.63
1050.137	4817.31
1050.424	4894.19
1050.71	4586.37
1050.997	4362.98
1051.283	4332.1
1051.57	4619.13
1051.856	4418.43
1052.143	4592.04
1052.429	4445.53
1052.715	4336.83
1053.002	4373.69
1053.288	4492.48
1053.574	4310.99
1053.86	4983.67
1054.146	4379.05
1054.432	4436.71
1054.718	4411.5
1055.003	4311.94
1055.289	4347.23
1055.575	4513.27
1055.861	4682.78
1056.146	4136.76
1056.432	4199.46
1056.717	4319.19
1057.003	4725
1057.288	3950.55
1057.574	4016.72
1057.859	3821.69
1058.144	4006.63
1058.429	3911.8
1058.715	4026.8
1059	4013.88
1059.285	3839.33
1059.57	4159.76
1059.855	3978.59
1060.14	4091.39
1060.424	3874.3
1060.709	4199.14
1060.994	4569.98
1061.279	4195.36
1061.563	4316.67
1061.848	4286.1
1062.132	4410.24
1062.417	4231.91
1062.701	7973.39
1062.986	4553.28
1063.27	11191.54
1063.554	4339.35
1063.838	4200.4
1064.123	4183.07
1064.407	3937.63
1064.691	3947.72
1064.975	3784.19
1065.259	3831.14
1065.543	3699.12
1065.826	4018.92
1066.11	3796.17
1066.394	3692.19
1066.678	3794.59
1066.961	4158.5
1067.245	3872.73
1067.528	3873.36
1067.812	4165.43
1068.095	4022.7
1068.379	3869.26
1068.662	3814.13
1068.945	4148.73
1069.228	3683.37
1069.512	3427.53
1069.795	4276.65
1070.078	3390.98
1070.361	3643.67
1070.644	3157.83
1070.927	2897.9
1071.209	2826.37
1071.492	3001.55
1071.775	2810.31
1072.058	2872.06
1072.34	2673.25
1072.623	2637.65
1072.905	2770.29
1073.188	2577.15
1073.47	2493.66
1073.753	2474.75
1074.035	2446.71
1074.317	2671.99
1074.599	2533.99
1074.882	2655.29
1075.164	2388.11
1075.446	2833.94
1075.728	2352.19
1076.01	2380.23
1076.292	2579.67
1076.573	2620.63
1076.855	2543.44
1077.137	2502.48
1077.419	2623.15
1077.7	2529.89
1077.982	2550.06
1078.263	2816.92
1078.545	2498.7
1078.826	3023.61
1079.108	2912.7
1079.389	2465.62
1079.67	2344
1079.951	2348.41
1080.233	2359.75
1080.514	2169.13
1080.795	2391.57
1081.076	2194.65
1081.357	2133.22
1081.638	2262.08
1081.919	2224.59
1082.199	2006.56
1082.48	1917.71
1082.761	1959.61
1083.041	1963.71
1083.322	1791.05
1083.603	1950.47
1083.883	2122.5
1084.163	1771.2
1084.444	2021.68
1084.724	1880.21
1085.004	1781.28
1085.285	1833.58
1085.565	1866.35
1085.845	1764.27
1086.125	1807.12
1086.405	1750.72
1086.685	1826.02
1086.965	1695.9
1087.245	1855.01
1087.524	1733.07
1087.804	1698.1
1088.084	2130.38
1088.364	1624.06
1088.643	1393.43
1088.923	1407.6
1089.202	1727.72
1089.482	1510
1089.761	1705.35
1090.04	1516.62
1090.32	1453.92
1090.599	1732.44
1090.878	1974.1
1091.157	1540.88
1091.436	1297.33
1091.715	1384.29
1091.994	1448.56
1092.273	1770.88
1092.552	1366.64
1092.831	1279.05
1093.109	1310.56
1093.388	1193.67
1093.667	1307.41
1093.945	1328.52
1094.224	1069.53
1094.502	1110.18
1094.781	1204.07
1095.059	1165
1095.338	1285.67
1095.616	1024.48
1095.894	1062.92
1096.172	1053.15
1096.45	1006.2
1096.728	1120.26
1097.006	999.27
1097.284	1136.33
1097.562	1224.86
1097.84	1103.56
1098.118	1094.11
1098.396	1117.11
1098.673	1497.08
1098.951	952.01
1099.229	945.08
1099.506	1018.81
1099.784	918.3
1100.061	1053.15
1100.339	945.71
1100.616	1054.41
1100.893	779.67
1101.17	777.78
1101.448	705.31
1101.725	942.87
1102.002	853.08
1102.279	850.24
1102.556	599.44
1102.833	1791.05
1103.11	615.83
1103.386	538.95
1103.663	562.27
1103.94	714.76
1104.217	439.7
1104.493	2583.14
1104.77	830.71
1105.046	439.07
1105.323	503.03
1105.599	525.72
1105.875	450.73
1106.152	482.24
1106.428	490.74
1106.704	473.42
1106.98	653.01
1107.256	411.35
1107.532	310.84
1107.808	727.05
1108.084	426.78
1108.36	551.87
1108.636	330.06
1108.912	784.71
1109.187	303.59
1109.463	296.66
1109.739	480.03
1110.014	186.38
1110.29	279.33
1110.565	365.98
1110.841	281.85
1111.116	430.25
1111.391	376.06
1111.666	276.81
1111.942	349.28
1112.217	191.43
1112.492	325.02
1112.767	226.08
1113.042	154.56
1113.317	174.1
1113.592	111.08
1113.867	179.77
1114.141	395.59
1114.416	280.91
1114.691	427.1
1114.965	178.51
1115.24	175.99
1115.514	646.71
1115.789	135.97
1116.063	135.66
1116.338	115.81
1116.612	66.03
1116.886	217.58
1117.16	152.67
1117.435	124.63
1117.709	155.19
1117.983	207.81
1118.257	68.55
1118.531	486.65
1118.804	254.76
1119.078	197.1
1119.352	55.31
1119.626	60.36
1119.899	159.29
1120.173	308
1120.447	324.7
1120.72	109.51
1120.994	68.86
1121.267	116.44
1121.54	320.61
1121.814	160.23
1122.087	272.4
1122.36	117.07
1122.633	210.65
1122.906	83.99
1123.179	144.8
1123.452	-19.04
1123.725	-89.62
1123.998	419.85
1124.271	55.63
1124.544	-80.17
1124.817	-115.77
1125.089	-73.55
1125.362	-12.43
1125.635	-11.48
1125.907	1497.71
1126.18	191.11
1126.452	1061.97
1126.724	288.15
1126.997	-5.81
1127.269	55.63
1127.541	41.77
1127.813	13.73
1128.085	-103.8
1128.357	227.97
1128.629	-83
1128.901	-163.66
1129.173	-122.7
1129.445	-82.69
1129.717	-71.34
1129.989	-191.7
1130.26	1116.48
1130.532	-10.22
1130.804	-89.93
1131.075	-196.43
1131.347	-93.71
1131.618	96.27
