698.111	-1906.61	
698.212	-1906.61	
698.312	-1906.61	
698.413	-1911.11	
698.514	-1892.07	
698.615	-659.8	
698.716	-1192.28	
698.817	1420.73	
698.918	619.97	
699.019	-1095.2	
699.12	-730.46	
699.221	614.85	
699.321	631.44	
699.422	-690.32	
699.523	-429.41	
699.624	640.04	
699.725	870.44	
699.825	-684.79	
699.926	2169.87	
700.027	5515.44	
700.128	5280.33	
700.228	4078.17	
700.329	4229.52	
700.43	6070.64	
700.531	6058.97	
700.631	4114.22	
700.732	3770.16	
700.833	5030.48	
700.933	5276.85	
701.034	3595.06	
701.135	3247.52	
701.235	5094.78	
701.336	4748.68	
701.436	2987.42	
701.537	2801.47	
701.638	5231.18	
701.738	4461.14	
701.839	3094.33	
701.939	3218.43	
702.04	4546.95	
702.14	5085.98	
702.241	2474.2	
702.341	2756.41	
702.442	5060.79	
702.542	5165.23	
702.643	3533	
702.743	3294.62	
702.844	4911.29	
702.944	5260.46	
703.044	3793.5	
703.145	3657.93	
703.245	4651.4	
703.346	4413.22	
703.446	2672.65	
703.546	2974.32	
703.647	4035.37	
703.747	4330.69	
703.847	3179.11	
703.948	3148.19	
704.048	5824.68	
704.148	5148.44	
704.248	4838.58	
704.349	4107.66	
704.449	5620.7	
704.549	5516.66	
704.649	4054.82	
704.75	4201.66	
704.85	5532.43	
704.95	6022.1	
705.05	4017.35	
705.15	4598.97	
705.251	5641.39	
705.351	5844.95	
705.451	4273.34	
705.551	4109.91	
705.651	6054.05	
705.751	6536.76	
705.851	4737.62	
705.951	4786.36	
706.051	6454.22	
706.151	6040.13	
706.252	4879.75	
706.352	4670.24	
706.452	6795.83	
706.552	6588.78	
706.652	3710.97	
706.752	4217.43	
706.852	5345.86	
706.952	5384.57	
707.051	4034.96	
707.151	4129.17	
707.251	5484.51	
707.351	6057.74	
707.451	3543.45	
707.551	3700.12	
707.651	5104.2	
707.751	5532.84	
707.851	4439.02	
707.951	4630.51	
708.05	6952.5	
708.15	6723.12	
708.25	5096.01	
708.35	5527.11	
708.45	8450.38	
708.549	7705.33	
708.649	6626.46	
708.749	5057.51	
708.849	6193.52	
708.948	5778.8	
709.048	3554.1	
709.148	3099.04	
709.248	4922.14	
709.347	5153.56	
709.447	3616.35	
709.547	3640.73	
709.646	4608.6	
709.746	5370.85	
709.845	3936.86	
709.945	4602.66	
710.045	6678.27	
710.144	7058.58	
710.244	5348.12	
710.343	5302.65	
710.443	6919.32	
710.543	6150.1	
710.642	4012.64	
710.742	4832.85	
710.841	6103.41	
710.941	5686.44	
711.04	4598.56	
711.14	4406.05	
711.239	5515.03	
711.339	4986.45	
711.438	4160.91	
711.537	3150.03	
711.637	4796.39	
711.736	4910.67	
711.836	3585.43	
711.935	3383.5	
712.034	5442.73	
712.134	4951.02	
712.233	2323.47	
712.333	2881.13	
712.432	4408.92	
712.531	4819.13	
712.63	3154.13	
712.73	3512.73	
712.829	5309.41	
712.928	5381.7	
713.028	3892.22	
713.127	3854.94	
713.226	5557.01	
713.325	5546.16	
713.424	3774.05	
713.524	4579.31	
713.623	5837.58	
713.722	6146.42	
713.821	3584.61	
713.92	3576.62	
714.02	4834.9	
714.119	4631.94	
714.218	3742.92	
714.317	3820.74	
714.416	5653.47	
714.515	6596.76	
714.614	3776.51	
714.713	4159.68	
714.812	6445.42	
714.911	5972.54	
715.01	5184.69	
715.109	5285.24	
715.208	7729.29	
715.307	7687.92	
715.406	5947.15	
715.505	6795.42	
715.604	7061.24	
715.703	6527.13	
715.802	4806.63	
715.901	5808.91	
716	5972.13	
716.099	5934.86	
716.198	4458.89	
716.297	3802.72	
716.396	5430.24	
716.494	5004.06	
716.593	3676.97	
716.692	3557.17	
716.791	4947.33	
716.89	5198.41	
716.989	3483.44	
717.087	3575.4	
717.186	5166.46	
717.285	5139.43	
717.384	3354.62	
717.482	3332.51	
717.581	4908.01	
717.68	5210.08	
717.779	3820.33	
717.877	3371.83	
717.976	4532.62	
718.075	5550.87	
718.173	3015.89	
718.272	2943.39	
718.371	4052.16	
718.469	4716.32	
718.568	2233.16	
718.666	2393.72	
718.765	4689.49	
718.864	4248.15	
718.962	2742.49	
719.061	3092.28	
719.159	4137.36	
719.258	4091.07	
719.356	2854.92	
719.455	2755.59	
719.553	5139.63	
719.652	5074.92	
719.75	3149.42	
719.849	3505.76	
719.947	5756.89	
720.046	5100.52	
720.144	4115.44	
720.242	4275.6	
720.341	6128.19	
720.439	5650.6	
720.538	4528.93	
720.636	4261.26	
720.734	5896.15	
720.833	6117.54	
720.931	4747.86	
721.029	4162.55	
721.128	5167.69	
721.226	6275.03	
721.324	3764.42	
721.423	4418.75	
721.521	6404.87	
721.619	6244.51	
721.717	5566.84	
721.816	4264.33	
721.914	5981.35	
722.012	5984.63	
722.11	4073.05	
722.208	3895.49	
722.307	5671.49	
722.405	5854.37	
722.503	3267.79	
722.601	3345.41	
722.699	5085.16	
722.797	4593.65	
722.895	3100.47	
722.993	4047.66	
723.092	5165.64	
723.19	5576.47	
723.288	3563.52	
723.386	3571.3	
723.484	5062.22	
723.582	4758.71	
723.68	3267.59	
723.778	3339.88	
723.876	5609.85	
723.974	5713.88	
724.072	3709.33	
724.17	3271.48	
724.268	4790.66	
724.366	4744.79	
724.463	3739.44	
724.561	3449.04	
724.659	4760.35	
724.757	4724.51	
724.855	3514.37	
724.953	3627.21	
725.051	5444.37	
725.149	5430.24	
725.246	3925.6	
725.344	4332.12	
725.442	5963.94	
725.54	5370.03	
725.638	3408.9	
725.735	3204.71	
725.833	4420.8	
725.931	4785.54	
726.029	2675.11	
726.126	2996.64	
726.224	4483.87	
726.322	4695.22	
726.419	3419.54	
726.517	3187.3	
726.615	5631.76	
726.712	5275.21	
726.81	4126.09	
726.908	3753.57	
727.005	5883.87	
727.103	5815.46	
727.2	3525.83	
727.298	3629.05	
727.396	5425.33	
727.493	5601.25	
727.591	3151.67	
727.688	4694.81	
727.786	5962.3	
727.883	5468.13	
727.981	4931.97	
728.078	4785.95	
728.176	7103.43	
728.273	7430.08	
728.371	5173.02	
728.468	4871.35	
728.566	6374.76	
728.663	6321.31	
728.76	4571.12	
728.858	4686.62	
728.955	6391.56	
729.053	6611.92	
729.15	4601.84	
729.247	4695.43	
729.345	6605.57	
729.442	6846	
729.539	5438.84	
729.637	5768.36	
729.734	7596.58	
729.831	7022.54	
729.928	4759.53	
730.026	4404.62	
730.123	5816.49	
730.22	5494.75	
730.317	3737.8	
730.415	3954.27	
730.512	5649.99	
730.609	5761.4	
730.706	4056.26	
730.803	5082.09	
730.901	5669.03	
730.998	6073.3	
731.095	3951.61	
731.192	3905.53	
731.289	5513.59	
731.386	5503.56	
731.483	3698.48	
731.58	3810.91	
731.677	5343	
731.774	5477.96	
731.871	3706.06	
731.968	4203.51	
732.065	6050.98	
732.162	6951.06	
732.259	3522.76	
732.356	3580.72	
732.453	5382.32	
732.55	5133.08	
732.647	3647.07	
732.744	3713.63	
732.841	5434.34	
732.938	5143.73	
733.035	4213.13	
733.132	4238.12	
733.229	5626.03	
733.326	5677.23	
733.422	3537.71	
733.519	3822.79	
733.616	5788.02	
733.713	5103.38	
733.81	3580.51	
733.907	3604.27	
734.003	4586.27	
734.1	4756.25	
734.197	2609.57	
734.294	3346.84	
734.39	4038.24	
734.487	4029.84	
734.584	2364.02	
734.68	2850.41	
734.777	4383.93	
734.874	4275.19	
734.971	3146.76	
735.067	3242.6	
735.164	4486.54	
735.26	5657.56	
735.357	3686.19	
735.454	4246.51	
735.55	5839.83	
735.647	5809.73	
735.743	4515.82	
735.84	5668.62	
735.937	7361.47	
736.033	7599.86	
736.13	6180.21	
736.226	5989.34	
736.323	6541.06	
736.419	6413.47	
736.516	4702.39	
736.612	4908.62	
736.709	6904.57	
736.805	6549.66	
736.901	5232.2	
736.998	5074.71	
737.094	7175.31	
737.191	8107.75	
737.287	6282.4	
737.383	6706.12	
737.48	8203.39	
737.576	9299.88	
737.672	7419.64	
737.769	7869.37	
737.865	9455.73	
737.961	9532.32	
738.058	7570.57	
738.154	7656.79	
738.25	9080.54	
738.347	8605.21	
738.443	6979.73	
738.539	6222.39	
738.635	7566.07	
738.731	8427.24	
738.828	5617.42	
738.924	5590.6	
739.02	6935.5	
739.116	6716.77	
739.212	5348.32	
739.309	6334.21	
739.405	6413.67	
739.501	6508.09	
739.597	4839.61	
739.693	5080.86	
739.789	6189.42	
739.885	7299.42	
739.981	4739.46	
740.077	3737.39	
740.173	6097.06	
740.269	5966.81	
740.365	4278.26	
740.461	4203.3	
740.557	6211.54	
740.653	6487.61	
740.749	4831.21	
740.845	4800.69	
740.941	7158.32	
741.037	6335.24	
741.133	4715.91	
741.229	4495.14	
741.325	6606.18	
741.421	7105.27	
741.517	5391.53	
741.612	5510.11	
741.708	8130.28	
741.804	7546.61	
741.9	5867.28	
741.996	6298.37	
742.092	7034.62	
742.187	7187.19	
742.283	4518.28	
742.379	4481.62	
742.475	5936.7	
742.571	5230.56	
742.666	3506.58	
742.762	4298.74	
742.858	5696.48	
742.953	6900.48	
743.049	4388.23	
743.145	5322.72	
743.24	5887.55	
743.336	6055.49	
743.432	4155.99	
743.527	3786.75	
743.623	5324.16	
743.719	5526.7	
743.814	4048.68	
743.91	3918.84	
744.005	5595.31	
744.101	4913.54	
744.196	4031.89	
744.292	3881.57	
744.388	5284.02	
744.483	5314.53	
744.579	4195.52	
744.674	4357.1	
744.77	5940.39	
744.865	6855.63	
744.96	4756.05	
745.056	4721.03	
745.151	6568.71	
745.247	6326.02	
745.342	5354.26	
745.438	6169.15	
745.533	7127.6	
745.628	6895.77	
745.724	5089.05	
745.819	5510.52	
745.914	6701.62	
746.01	7100.36	
746.105	5591.42	
746.2	6911.13	
746.296	7914.22	
746.391	7887.8	
746.486	6872.22	
746.581	7168.35	
746.677	9790.78	
746.772	8881.27	
746.867	7300.85	
746.962	7135.79	
747.058	8905.44	
747.153	8389.56	
747.248	6769.82	
747.343	6738.89	
747.438	8833.96	
747.533	8033	
747.629	6421.05	
747.724	5775.53	
747.819	7339.15	
747.914	7150.74	
748.009	5268.25	
748.104	5148.85	
748.199	7108.35	
748.294	6851.74	
748.389	5895.33	
748.484	5523.63	
748.579	6658.41	
748.674	6752.82	
748.769	4904.12	
748.864	4121.18	
748.959	5587.32	
749.054	5241.21	
749.149	4234.84	
749.244	4399.91	
749.339	5480.42	
749.434	5674.36	
749.529	4196.13	
749.624	4040.08	
749.718	6396.06	
749.813	5698.11	
749.908	4513.98	
750.003	4339.49	
750.098	5676.2	
750.193	5105.84	
750.287	3984.37	
750.382	3846.55	
750.477	5614.97	
750.572	5857.24	
750.667	4058.51	
750.761	4491.45	
750.856	5790.27	
750.951	6324.18	
751.045	4341.34	
751.14	4457.25	
751.235	5535.92	
751.33	5587.32	
751.424	4190.6	
751.519	3786.34	
751.613	4583.2	
751.708	4769.98	
751.803	3165.6	
751.897	3241.99	
751.992	4892.44	
752.087	5792.73	
752.181	4025.54	
752.276	4173.2	
752.37	5715.11	
752.465	6431.9	
752.559	4165.82	
752.654	4165.21	
752.748	5216.23	
752.843	5716.75	
752.937	4186.51	
753.032	4037.21	
753.126	5128.16	
753.221	5836.76	
753.315	3717.52	
753.409	3673.29	
753.504	5078.19	
753.598	5248.59	
753.693	3181.37	
753.787	3324.72	
753.881	4452.74	
753.976	4387.82	
754.07	2841.81	
754.164	3309.57	
754.259	4653.04	
754.353	4965.35	
754.447	2658.72	
754.542	2608.34	
754.636	4266.38	
754.73	4821.58	
754.824	3446.58	
754.919	4147.8	
755.013	5080.65	
755.107	5504.79	
755.201	5040.92	
755.295	3756.44	
755.39	5514.41	
755.484	6004.49	
755.578	5860.72	
755.672	5008.56	
755.766	7152.58	
755.86	7068.62	
755.954	5514.82	
756.048	5914.18	
756.143	7245.15	
756.237	7595.76	
756.331	6189.42	
756.425	5890.21	
756.519	6950.24	
756.613	7350.62	
756.707	6110.17	
756.801	5546.16	
756.895	7348.78	
756.989	7463.67	
757.083	6759.78	
757.177	6520.58	
757.271	8573.87	
757.365	8087.68	
757.458	7139.48	
757.552	7342.63	
757.646	8626.71	
757.74	8707.6	
757.834	6433.54	
757.928	6504.81	
758.022	8286.54	
758.116	7920.16	
758.209	6082.52	
758.303	5895.54	
758.397	7017.42	
758.491	6827.57	
758.585	5362.45	
758.678	4947.33	
758.772	7398.13	
758.866	6650.62	
758.96	4748.27	
759.053	4571.32	
759.147	6898.43	
759.241	6339.74	
759.334	4237.09	
759.428	4771.2	
759.522	6161.57	
759.615	6168.74	
759.709	4237.91	
759.803	3778.35	
759.896	4983.17	
759.99	4640.75	
760.083	2778.74	
760.177	3083.68	
760.271	5220.53	
760.364	4913.13	
760.458	3705.85	
760.551	3948.33	
760.645	5151.31	
760.738	5035.6	
760.832	3550.61	
760.925	3852.08	
761.019	4779.19	
761.112	5468.95	
761.206	4286.65	
761.299	3835.49	
761.392	5666.99	
761.486	5526.9	
761.579	4351.17	
761.673	3702.57	
761.766	5495.78	
761.859	5784.13	
761.953	4448.03	
762.046	4740.48	
762.139	5606.37	
762.233	5682.96	
762.326	4156.2	
762.419	4282.76	
762.513	5340.33	
762.606	5053.21	
762.699	4236.27	
762.792	3967.58	
762.886	6437.84	
762.979	4962.07	
763.072	4475.07	
763.165	3538.12	
763.258	4956.75	
763.352	4937.29	
763.445	4094.35	
763.538	3274.75	
763.631	4773.05	
763.724	5195.13	
763.817	3340.29	
763.91	4853.74	
764.004	6080.27	
764.097	5672.52	
764.19	4096.4	
764.283	4202.28	
764.376	5797.85	
764.469	5670.06	
764.562	4707.51	
764.655	4964.53	
764.748	5884.68	
764.841	6626.05	
764.934	4835.72	
765.027	4939.96	
765.12	6335.65	
765.213	6545.77	
765.306	5002.83	
765.399	4406.87	
765.492	6673.56	
765.584	6305.95	
765.677	4508.04	
765.77	4331.91	
765.863	6237.14	
765.956	6369.64	
766.049	4477.53	
766.142	4217.23	
766.234	5846.8	
766.327	6097.67	
766.42	4529.54	
766.513	4152.92	
766.606	5641.39	
766.698	6024.15	
766.791	4232.18	
766.884	4363.04	
766.977	6418.79	
767.069	6046.88	
767.162	4350.76	
767.255	4858.86	
767.347	5480.42	
767.44	5993.64	
767.533	9190.72	
767.625	3773.43	
767.718	5209.47	
767.811	5540.22	
767.903	4128.76	
767.996	5626.03	
768.088	6256.6	
768.181	6006.54	
768.273	4239.76	
768.366	4143.71	
768.458	5602.06	
768.551	4767.72	
768.644	3563.31	
768.736	3587.27	
768.829	4980.1	
768.921	4960.64	
769.013	3331.07	
769.106	4224.6	
769.198	5074.92	
769.291	5895.95	
769.383	4303.24	
769.476	4654.67	
769.568	5610.67	
769.66	6268.27	
769.753	5006.52	
769.845	4942.41	
769.937	6417.77	
770.03	5956.57	
770.122	4442.51	
770.214	4110.94	
770.307	6143.96	
770.399	4732.09	
770.491	2865.16	
770.584	3709.95	
770.676	4088.62	
770.768	3996.05	
770.86	2575.37	
770.953	2589.71	
771.045	4255.53	
771.137	3522.35	
771.229	2450.24	
771.321	2295.82	
771.413	4035.98	
771.506	3798.42	
771.598	2806.18	
771.69	3013.64	
771.782	4904.53	
771.874	5093.76	
771.966	3762.78	
772.058	3659.98	
772.15	5262.92	
772.242	5221.76	
772.334	3514.98	
772.426	3522.76	
772.518	4747.86	
772.61	5010.82	
772.702	2795.12	
772.794	3172.97	
772.886	4203.1	
772.978	5114.85	
773.07	4191.01	
773.162	3177.68	
773.254	4933.61	
773.346	5280.53	
773.438	4047.86	
773.53	4792.3	
773.622	6066.54	
773.714	5835.74	
773.805	4380.25	
773.897	6599.84	
773.989	4629.48	
774.081	4677	
774.173	2847.14	
774.265	3630.08	
774.356	5093.76	
774.448	5041.74	
774.54	4909.85	
774.632	4216.41	
774.723	5505.2	
774.815	5258.83	
774.907	4270.48	
774.999	4651.6	
775.09	5670.67	
775.182	5664.94	
775.274	4387.21	
775.365	4002.81	
775.457	4817.28	
775.548	5018.8	
775.64	3813.98	
775.732	3553.89	
775.823	4652.83	
775.915	4806.63	
776.006	3867.03	
776.098	4264.33	
776.19	5381.29	
776.281	5425.53	
776.373	4213.34	
776.464	4680.27	
776.556	5589.98	
776.647	6401.59	
776.739	4313.07	
776.83	4148.01	
776.922	5296.1	
777.013	5913.56	
777.104	3848.8	
777.196	4263.51	
777.287	5553.32	
777.379	5585.27	
777.47	4903.3	
777.561	4878.11	
777.653	6085.8	
777.744	6475.73	
777.835	5580.56	
777.927	5201.69	
778.018	6915.02	
778.109	6981.37	
778.201	5170.97	
778.292	4862.75	
778.383	6169.76	
778.474	6098.08	
778.566	4905.76	
778.657	4362.63	
778.748	5832.05	
778.839	5613.74	
778.931	3996.66	
779.022	3752.13	
779.113	5076.56	
779.204	5811.98	
779.295	4504.35	
779.386	4404.41	
779.478	6459.96	
779.569	6185.53	
779.66	4373.49	
779.751	4816.46	
779.842	5913.56	
779.933	5704.26	
780.024	4234.43	
780.115	5464.65	
780.206	5978.07	
780.297	7216.27	
780.388	4873.6	
780.479	4454.79	
780.57	5861.75	
780.661	5743.17	
780.752	4283.58	
780.843	4007.72	
780.934	5576.26	
781.025	5560.9	
781.116	4014.48	
781.207	3739.64	
781.298	5228.93	
781.388	8778.67	
781.479	4000.35	
781.57	3781.63	
781.661	5060.17	
781.752	4923.78	
781.843	3873.58	
781.933	4171.35	
782.024	5457.48	
782.115	4546.13	
782.206	3479.14	
782.297	3566.59	
782.387	4560.26	
782.478	5037.64	
782.569	3695	
782.66	3494.5	
782.75	5191.45	
782.841	5652.24	
782.932	4059.94	
783.022	4037.01	
783.113	6383.98	
783.204	5232.2	
783.294	3611.03	
783.385	3739.85	
783.475	5240.6	
783.566	5257.6	
783.657	3723.26	
783.747	4040.9	
783.838	5857.45	
783.928	5526.9	
784.019	3671.24	
784.109	3580.51	
784.2	4791.27	
784.29	4630.71	
784.381	3154.95	
784.471	3357.49	
784.562	4584.43	
784.652	4607.78	
784.743	2837.51	
784.833	3428.56	
784.924	4537.94	
785.014	5339.92	
785.104	3434.7	
785.195	3179.73	
785.285	4888.35	
785.375	4542.65	
785.466	3634.38	
785.556	3477.5	
785.646	4495.34	
785.737	5779.62	
785.827	3760.12	
785.917	4372.67	
786.008	5120.38	
786.098	5393.38	
786.188	3964.71	
786.278	4353.01	
786.369	5038.26	
786.459	5136.56	
786.549	4114.01	
786.639	3738.41	
786.729	5400.95	
786.82	5772.87	
786.91	4589.75	
787	4878.31	
787.09	6261.72	
787.18	6073.71	
787.27	4530.77	
787.36	4188.35	
787.45	5692.18	
787.541	5384.57	
787.631	4392.74	
787.721	4677.41	
787.811	5179.98	
787.901	5399.73	
787.991	3912.29	
788.081	3994.82	
788.171	4958.8	
788.261	5300.4	
788.351	3967.38	
788.441	3990.31	
788.531	5379.86	
788.621	4417.11	
788.711	3566.59	
788.8	3364.66	
788.89	4478.75	
788.98	4915.79	
789.07	3973.32	
789.16	4311.23	
789.25	4764.65	
789.34	5457.27	
789.429	4169.92	
789.519	4490.22	
789.609	5906.39	
789.699	5752.8	
789.789	5328.46	
789.878	5629.3	
789.968	6246.56	
790.058	6459.55	
790.148	4773.87	
790.237	4380.25	
790.327	5264.56	
790.417	5336.03	
790.507	3959.59	
790.596	4022.47	
790.686	5200.05	
790.776	5100.52	
790.865	4156.4	
790.955	4658.16	
791.044	4863.36	
791.134	4934.02	
791.224	3693.77	
791.313	3317.56	
791.403	4152.72	
791.492	3871.74	
791.582	2973.29	
791.671	2610.19	
791.761	4783.49	
791.85	4269.25	
791.94	3219.46	
792.029	3376.13	
792.119	6316.4	
792.208	4994.43	
792.298	3748.45	
792.387	3632.33	
792.477	5207.01	
792.566	5426.35	
792.655	4358.13	
792.745	4744.58	
792.834	6873.24	
792.924	6939.39	
793.013	5804.61	
793.102	6114.88	
793.192	7100.56	
793.281	6187.58	
793.37	5233.02	
793.46	4713.86	
793.549	6197	
793.638	5515.23	
793.727	4012.23	
793.817	3608.16	
793.906	4962.89	
793.995	5595.51	
794.084	3521.74	
794.174	3908.8	
794.263	5072.46	
794.352	5106.66	
794.441	3832.21	
794.53	4443.32	
794.619	5603.09	
794.709	5962.1	
794.798	4733.93	
794.887	4398.27	
794.976	5804.2	
795.065	6620.31	
795.154	4584.84	
795.243	4749.29	
795.332	6753.23	
795.421	6879.38	
795.51	5376.99	
795.599	5911.92	
795.688	6251.89	
795.777	5984.22	
795.866	4570.09	
795.955	4269.86	
796.044	5860.11	
796.133	5460.76	
796.222	4219.28	
796.311	4731.47	
796.4	5889.19	
796.489	6337.29	
796.578	5040.1	
796.666	4528.52	
796.755	5424.1	
796.844	5252.48	
796.933	4173.4	
797.022	4332.73	
797.111	4891.62	
797.199	5396.86	
797.288	3568.84	
797.377	3440.84	
797.466	4983.58	
797.555	4811.75	
797.643	3580.92	
797.732	3714.66	
797.821	4435.54	
797.909	4627.64	
797.998	3371.62	
798.087	3767.9	
798.176	5049.32	
798.264	5351.19	
798.353	4242.01	
798.441	4265.36	
798.53	5454.82	
798.619	6249.84	
798.707	4556.99	
798.796	4562.93	
798.884	5845.98	
798.973	6165.05	
799.062	4826.5	
799.15	5231.38	
799.239	6912.36	
799.327	6757.94	
799.416	5651.63	
799.504	5455.43	
799.593	6505.01	
799.681	6533.89	
799.77	5024.33	
799.858	4487.15	
799.946	5736.82	
800.035	5045.43	
800.123	3666.73	
800.212	4151.49	
800.3	4998.94	
800.388	5337.26	
800.477	3598.33	
800.565	3950.99	
800.654	5170.35	
800.742	5734.36	
800.83	4242.21	
800.918	3965.53	
801.007	5354.47	
801.095	5490.04	
801.183	4538.96	
801.272	4386.8	
801.36	5928.92	
801.448	6003.88	
801.536	4500.05	
801.624	4934.84	
801.713	5947.97	
801.801	6096.03	
801.889	5251.45	
801.977	5190.01	
802.065	6494.77	
802.153	6164.23	
802.242	5007.13	
802.33	4947.94	
802.418	6298.99	
802.506	6465.08	
802.594	5578.92	
802.682	5496.18	
802.77	6635.88	
802.858	7899.89	
802.946	5871.99	
803.034	5405.66	
803.122	7156.68	
803.21	6714.32	
803.298	5283.4	
803.386	5221.35	
803.474	6879.38	
803.562	6007.77	
803.65	4901.45	
803.738	4884.46	
803.826	5662.48	
803.914	6415.11	
804.002	4891.21	
804.09	4835.72	
804.177	6145.39	
804.265	5740.1	
804.353	4379.84	
804.441	4677.61	
804.529	5453.79	
804.617	5693.4	
804.704	5201.28	
804.792	5256.16	
804.88	6147.64	
804.968	6248.2	
805.055	5027.2	
805.143	4882.61	
805.231	5948.38	
805.319	6256.39	
805.406	4965.56	
805.494	5144.75	
805.582	6829.21	
805.669	6821.84	
805.757	5030.27	
805.845	5233.23	
805.932	6475.73	
806.02	6308	
806.107	4325.77	
806.195	4794.55	
806.283	6257.21	
806.37	5871.78	
806.458	3876.24	
806.545	3709.13	
806.633	4687.44	
806.72	4948.15	
806.808	3247.72	
806.895	3527.47	
806.983	5143.73	
807.07	5201.28	
807.158	4131.62	
807.245	4163.98	
807.333	5620.29	
807.42	6303.49	
807.508	4205.56	
807.595	4209.65	
807.682	5727.4	
807.77	5649.37	
807.857	4091.28	
807.944	4246.1	
808.032	5591.83	
808.119	5966.4	
808.206	4601.02	
808.294	4177.09	
808.381	6001.01	
808.468	6703.05	
808.556	3994	
808.643	3608.16	
808.73	5848.85	
808.817	4625.8	
808.905	3058.49	
808.992	3228.06	
809.079	4218.87	
809.166	5002.62	
809.253	3528.5	
809.341	3955.7	
809.428	5383.55	
809.515	6054.87	
809.602	4606.75	
809.689	4201.05	
809.776	5761.19	
809.863	6115.49	
809.95	4524.22	
810.037	5051.16	
810.125	6345.07	
810.212	6189.42	
810.299	4675.36	
810.386	4538.96	
810.473	6203.35	
810.56	6308	
810.647	4823.63	
810.734	4189.58	
810.821	5283.4	
810.908	5186.94	
810.994	4089.03	
811.081	3538.12	
811.168	5297.94	
811.255	5049.93	
811.342	3640.93	
811.429	4039.67	
811.516	5724.94	
811.603	5589.37	
811.69	3878.49	
811.776	4212.11	
811.863	5038.87	
811.95	5172.4	
812.037	3887.51	
812.124	3704.21	
812.21	4725.53	
812.297	5289.14	
812.384	3822.79	
812.471	3809.89	
812.557	5557.01	
812.644	5816.08	
812.731	4433.7	
812.818	4392.94	
812.904	5801.33	
812.991	5910.08	
813.078	4824.86	
813.164	5110.14	
813.251	6374.35	
813.337	6240.62	
813.424	4717.75	
813.511	4993.82	
813.597	5929.54	
813.684	6642.23	
813.77	5191.24	
813.857	4629.48	
813.943	5751.98	
814.03	5988.31	
814.116	4754.41	
814.203	4805.61	
814.289	5883.46	
814.376	6651.03	
814.462	4502.51	
814.549	4723.28	
814.635	6299.6	
814.722	5648.96	
814.808	4904.32	
814.895	4458.89	
814.981	5525.06	
815.067	5877.31	
815.154	4542.86	
815.24	5043.99	
815.326	5737.85	
815.413	6195.16	
815.499	5901.68	
815.585	4782.88	
815.672	6757.73	
815.758	7693.25	
815.844	5727.61	
815.93	6601.27	
816.017	7892.31	
816.103	8145.44	
816.189	7364.34	
816.275	6979.32	
816.362	8002.28	
816.448	7996.96	
816.534	6246.15	
816.62	5271.32	
816.706	7270.75	
816.792	6813.23	
816.879	5906.6	
816.965	5044.61	
817.051	6242.26	
817.137	6049.55	
817.223	5324.77	
817.309	5309.21	
817.395	5833.49	
817.481	6688.51	
817.567	4570.91	
817.653	4707.72	
817.739	6324.38	
817.825	6042.58	
817.911	4072.85	
817.997	4231.56	
818.083	5676.2	
818.169	5784.13	
818.255	4545.93	
818.341	5385.39	
818.427	6051.8	
818.513	5221.14	
818.599	3913.92	
818.685	3770.16	
818.771	5183.66	
818.856	6202.12	
818.942	4086.57	
819.028	4127.12	
819.114	5818.74	
819.2	5288.32	
819.285	3867.64	
819.371	4339.7	
819.457	5303.68	
819.543	5606.57	
819.629	4137.77	
819.714	4639.93	
819.8	6369.85	
819.886	5976.23	
819.971	4904.32	
820.057	4823.02	
820.143	6412.04	
820.229	6246.56	
820.314	5171.79	
820.4	5227.49	
820.485	6830.64	
820.571	7116.74	
820.657	5928.31	
820.742	5705.28	
820.828	7680.34	
820.913	7270.14	
820.999	5439.05	
821.085	5562.54	
821.17	6705.31	
821.256	6841.91	
821.341	5194.72	
821.427	4846.77	
821.512	5695.45	
821.598	6485.56	
821.683	4342.15	
821.768	4547.16	
821.854	5360.61	
821.939	6204.17	
822.025	4383.52	
822.11	4789.23	
822.196	6558.88	
822.281	6592.05	
822.366	5482.46	
822.452	4923.78	
822.537	6393.4	
822.622	6487.4	
822.708	5113.83	
822.793	5570.53	
822.878	6772.68	
822.964	7196	
823.049	7054.07	
823.134	5567.45	
823.219	7381.75	
823.305	7117.36	
823.39	5499.46	
823.475	4894.7	
823.56	5920.73	
823.645	6626.46	
823.731	4706.49	
823.816	5595.92	
823.901	6713.5	
823.986	6616.22	
824.071	5514.62	
824.156	4688.47	
824.241	6519.15	
824.327	6371.28	
824.412	4429.81	
824.497	4437.39	
824.582	6200.48	
824.667	5328.25	
824.752	4399.5	
824.837	4586.68	
824.922	6027.84	
825.007	5104.82	
825.092	3692.13	
825.177	3816.24	
825.262	5192.06	
825.347	5991.38	
825.432	4055.23	
825.517	3928.26	
825.602	5443.55	
825.687	5324.16	
825.771	3905.53	
825.856	3268.81	
825.941	4915.38	
826.026	4997.71	
826.111	3719.16	
826.196	3735.55	
826.281	5214.59	
826.365	4998.94	
826.45	3398.04	
826.535	3828.93	
826.62	5078.81	
826.704	5109.53	
826.789	4644.43	
826.874	5101.75	
826.959	5495.37	
827.043	6099.93	
827.128	4734.34	
827.213	4669.83	
827.297	6372.51	
827.382	5723.71	
827.467	4457.05	
827.551	3978.03	
827.636	5063.45	
827.721	6150.92	
827.805	4422.84	
827.89	3817.46	
827.974	5469.97	
828.059	5579.33	
828.144	3800.47	
828.228	3769.75	
828.313	5111.78	
828.397	4733.52	
828.482	3828.93	
828.566	3242.8	
828.651	4621.09	
828.735	4889.58	
828.82	3424.66	
828.904	3839.79	
828.989	4916.2	
829.073	5775.73	
829.157	4078.99	
829.242	5045.84	
829.326	5639.75	
829.411	5299.58	
829.495	3917.82	
829.579	3533.21	
829.664	5513.39	
829.748	5197.18	
829.832	3844.7	
829.917	3686.8	
830.001	5126.53	
830.085	4918.66	
830.169	3368.96	
830.254	3702.98	
830.338	4884.66	
830.422	5328.46	
830.506	4250	
830.591	4760.96	
830.675	5366.75	
830.759	5262.51	
830.843	4036.19	
830.927	4150.87	
831.011	6013.71	
831.096	5695.25	
831.18	4612.08	
831.264	4603.07	
831.348	6143.75	
831.432	6437.02	
831.516	5162.16	
831.6	5311.05	
831.684	7230.2	
831.768	6440.09	
831.852	5205.78	
831.936	5744.19	
832.02	7099.13	
832.104	7377.45	
832.188	5699.96	
832.272	5429.63	
832.356	6097.67	
832.44	6203.76	
832.524	4705.26	
832.608	5314.12	
832.692	6900.07	
832.776	6961.51	
832.86	4915.79	
832.944	5222.58	
833.028	5645.28	
833.111	6040.74	
833.195	4305.7	
833.279	3919.25	
833.363	5104	
833.447	5001.19	
833.531	3357.08	
833.614	4480.19	
833.698	5535.92	
833.782	5024.95	
833.866	3878.49	
833.949	3606.73	
834.033	5171.58	
834.117	4960.44	
834.2	4397.86	
834.284	3300.76	
834.368	4927.26	
834.451	5546.97	
834.535	3620.86	
834.619	3746.2	
834.702	5168.51	
834.786	5836.97	
834.87	4617.81	
834.953	4467.9	
835.037	6028.86	
835.12	6425.35	
835.204	5758.32	
835.287	5034.57	
835.371	7026.43	
835.455	6374.76	
835.538	5103.18	
835.622	5839.01	
835.705	6801.15	
835.788	7969.93	
835.872	6412.45	
835.955	6002.03	
836.039	7786.63	
836.122	7610.3	
836.206	6769.41	
836.289	6652.06	
836.372	8357.61	
836.456	8355.97	
836.539	6756.1	
836.623	7162.41	
836.706	7794.62	
836.789	7763.08	
836.873	6362.68	
836.956	6723.53	
837.039	7072.92	
837.122	7299.63	
837.206	5315.55	
837.289	5401.98	
837.372	6551.91	
837.455	6247.18	
837.539	5104.61	
837.622	4940.16	
837.705	6246.56	
837.788	6518.74	
837.871	5764.26	
837.955	5586.5	
838.038	6962.94	
838.121	7371.51	
838.204	5613.53	
838.287	5378.43	
838.37	7025.4	
838.453	6897	
838.536	5609.85	
838.619	5192.06	
838.702	6714.32	
838.785	7299.63	
838.869	5331.73	
838.952	5576.67	
839.035	6839.86	
839.118	7127.39	
839.201	5615.99	
839.283	6052.62	
839.366	6559.29	
839.449	6682.57	
839.532	4862.13	
839.615	5340.74	
839.698	6673.56	
839.781	6659.23	
839.864	5635.04	
839.947	5535.71	
840.03	6150.31	
840.112	6411.22	
840.195	5128.98	
840.278	4788	
840.361	6359.81	
840.444	6083.13	
840.527	4724.51	
840.609	4215.79	
840.692	5780.44	
840.775	5837.17	
840.858	3698.68	
840.94	3728.58	
841.023	4976.82	
841.106	4766.9	
841.188	3626.8	
841.271	3657.72	
841.354	5196.36	
841.436	5187.15	
841.519	3962.67	
841.602	3830.37	
841.684	4989.72	
841.767	5253.5	
841.85	4006.29	
841.932	4373.49	
842.015	5859.08	
842.097	5762.42	
842.18	4587.5	
842.262	4945.49	
842.345	6411.01	
842.427	6713.7	
842.51	5335.21	
842.592	6081.9	
842.675	7154.22	
842.757	7074.55	
842.84	5221.96	
842.922	5570.12	
843.005	7062.27	
843.087	6641.82	
843.169	4503.12	
843.252	4465.44	
843.334	6062.65	
843.417	5724.33	
843.499	3995.02	
843.581	4979.69	
843.664	6238.16	
843.746	7148.69	
843.828	4967.19	
843.911	5401.77	
843.993	6744.01	
844.075	7415.95	
844.157	5346.89	
844.24	5094.37	
844.322	6864.23	
844.404	6499.08	
844.486	5325.38	
844.569	4881.38	
844.651	5950.22	
844.733	6437.43	
844.815	4133.67	
844.897	4612.49	
844.979	5451.95	
845.061	4934.63	
845.144	3835.49	
845.226	3448.01	
845.308	4664.91	
845.39	5148.64	
845.472	3238.5	
845.554	4330.28	
845.636	5610.87	
845.718	6151.33	
845.8	4931.36	
845.882	5380.07	
845.964	7623.61	
846.046	7677.68	
846.128	6385.62	
846.21	6038.08	
846.292	7260.71	
846.374	7444.42	
846.456	6480.23	
846.538	7098.93	
846.62	8224.9	
846.702	8268.73	
846.783	7205.21	
846.865	7056.33	
846.947	8686.72	
847.029	9251.55	
847.111	8278.15	
847.193	7758.78	
847.274	8617.9	
847.356	8299.03	
847.438	7568.73	
847.52	6715.34	
847.602	8196.23	
847.683	8067.82	
847.765	6320.7	
847.847	5676.61	
847.928	6822.24	
848.01	7069.02	
848.092	5327.43	
848.173	5393.58	
848.255	7013.12	
848.337	7581.43	
848.418	6652.88	
848.5	6731.52	
848.582	7911.15	
848.663	8605.21	
848.745	6429.03	
848.826	6907.44	
848.908	8337.95	
848.99	7931.83	
849.071	6446.24	
849.153	6652.47	
849.234	7440.32	
849.316	7432.54	
849.397	5512.77	
849.479	5355.08	
849.56	6620.72	
849.642	6705.72	
849.723	5210.29	
849.804	5412.83	
849.886	6463.85	
849.967	7182.48	
850.049	5052.39	
850.13	5504.99	
850.211	6647.14	
850.293	7286.11	
850.374	5101.95	
850.455	5205.37	
850.537	6512.39	
850.618	7106.71	
850.699	5624.59	
850.781	5290.98	
850.862	6575.87	
850.943	6681.14	
851.024	5780.65	
851.106	5431.47	
851.187	6997.14	
851.268	7769.84	
851.349	5292.41	
851.431	5502.33	
851.512	6492.11	
851.593	6614.17	
851.674	5823.66	
851.755	5440.28	
851.836	6421.87	
851.917	6570.55	
851.999	4943.44	
852.08	4786.77	
852.161	6005.11	
852.242	6328.48	
852.323	4782.47	
852.404	5052.39	
852.485	6536.96	
852.566	6520.17	
852.647	5944.08	
852.728	5448.47	
852.809	6885.73	
852.89	6719.44	
852.971	5409.56	
853.052	5467.51	
853.133	6923	
853.214	6737.05	
853.295	5186.74	
853.376	5550.87	
853.456	6151.74	
853.537	6028.04	
853.618	4755.84	
853.699	4414.24	
853.78	5918.27	
853.861	6046.88	
853.942	4431.65	
854.022	4853.53	
854.103	6095.01	
854.184	5579.33	
854.265	4965.35	
854.345	5092.94	
854.426	7041.17	
854.507	6150.31	
854.588	5169.12	
854.668	4794.96	
854.749	5749.72	
854.83	6160.75	
854.91	5100.11	
854.991	4728.2	
855.072	6667.21	
855.152	6347.12	
855.233	5282.99	
855.314	5616.2	
855.394	6938.77	
855.475	7369.67	
855.555	6411.42	
855.636	6650.01	
855.717	7351.44	
855.797	7187.81	
855.878	6155.02	
855.958	6044.63	
856.039	7542.31	
856.119	7618.9	
856.2	5793.35	
856.28	6035.01	
856.361	7462.44	
856.441	7488.86	
856.521	5586.5	
856.602	5667.8	
856.682	6637.11	
856.763	7566.89	
856.843	6142.52	
856.923	5710.2	
857.004	6941.03	
857.084	7715.57	
857.164	5795.6	
857.245	5884.07	
857.325	7093.4	
857.405	6963.35	
857.486	5842.29	
857.566	5500.28	
857.646	7407.55	
857.726	6275.44	
857.807	5126.53	
857.887	4784.52	
857.967	6317.63	
858.047	6375.17	
858.128	4389.46	
858.208	4664.91	
858.288	5424.51	
858.368	5815.87	
858.448	4614.94	
858.528	5773.28	
858.608	6036.23	
858.689	5950.42	
858.769	4112.58	
858.849	5364.3	
858.929	6104.84	
859.009	6132.08	
859.089	5253.3	
859.169	5382.32	
859.249	6566.45	
859.329	7011.27	
859.409	5043.38	
859.489	5474.27	
859.569	6267.04	
859.649	6137.61	
859.729	4234.64	
859.809	3971.06	
859.889	5195.75	
859.969	5428.81	
860.049	4033.32	
860.128	3389.85	
860.208	5132.67	
860.288	5658.59	
860.368	3606.52	
860.448	4046.84	
860.528	5356.1	
860.608	5933.22	
860.687	4368.16	
860.767	4889.17	
860.847	5873.83	
860.927	6043.4	
861.006	4606.96	
861.086	4331.1	
861.166	5856.01	
861.246	5554.55	
861.325	4918.45	
861.405	5021.88	
861.485	6176.52	
861.564	6092.35	
861.644	4755.84	
861.724	5039.08	
861.803	6040.33	
861.883	6364.11	
861.963	4887.12	
862.042	5010.82	
862.122	6147.03	
862.201	6264.99	
862.281	4946.31	
862.36	5150.49	
862.44	6832.28	
862.52	7147.87	
862.599	5410.99	
862.679	5625.21	
862.758	7032.57	
862.838	7296.35	
862.917	6297.96	
862.996	6276.26	
863.076	7808.34	
863.155	7640.82	
863.235	6446.24	
863.314	7029.5	
863.394	8086.05	
863.473	8578.17	
863.552	6231.41	
863.632	7055.1	
863.711	7967.06	
863.79	8155.88	
863.87	7645.32	
863.949	7034	
864.028	7893.13	
864.108	7774.35	
864.187	6343.43	
864.266	5572.16	
864.345	6588.57	
864.425	7541.08	
864.504	4983.99	
864.583	4634.19	
864.662	7138.86	
864.741	5903.53	
864.821	4751.54	
864.9	4443.73	
864.979	8335.69	
865.058	6186.15	
865.137	4298.94	
865.216	3494.3	
865.295	5375.97	
865.375	4668.6	
865.454	3288.07	
865.533	3538.94	
865.612	4732.09	
865.691	5207.63	
865.77	3447.6	
865.849	4077.56	
865.928	5440.48	
866.007	5988.52	
866.086	4673.52	
866.165	4777.55	
866.244	7014.14	
866.323	6764.29	
866.402	5010	
866.481	5490.25	
866.559	7830.66	
866.638	6539.22	
866.717	5135.33	
866.796	5387.64	
866.875	6842.72	
866.954	7112.03	
867.033	4956.14	
867.112	5512.36	
867.19	6793.16	
867.269	7025.4	
867.348	5404.85	
867.427	5409.15	
867.505	6940.41	
867.584	6589.6	
867.663	4888.96	
867.742	4507.43	
867.82	6544.95	
867.899	6376.81	
867.978	4886.91	
868.057	5276.03	
868.135	7110.19	
868.214	6358.38	
868.293	5140.66	
868.371	5274.19	
868.45	7404.48	
868.528	6300.22	
868.607	5187.76	
868.686	5335.01	
868.764	6805.04	
868.843	7291.84	
868.921	4895.72	
869	4955.93	
869.078	6193.11	
869.157	6626.66	
869.235	5198.62	
869.314	5002.62	
869.392	6554.98	
869.471	6570.96	
869.549	5608	
869.628	4986.86	
869.706	5828.78	
869.785	6085.8	
869.863	4124.05	
869.941	4535.48	
870.02	5722.28	
870.098	6001.42	
870.176	4548.38	
870.255	4028.61	
870.333	5584.66	
870.411	5709.58	
870.49	4111.14	
870.568	4337.65	
870.646	6613.56	
870.725	6236.73	
870.803	5404.64	
870.881	5936.09	
870.959	6889.21	
871.038	7797.9	
871.116	5401.36	
871.194	5846.18	
871.272	6785.79	
871.35	6715.34	
871.428	5483.49	
871.507	5885.71	
871.585	7165.48	
871.663	6701	
871.741	4714.07	
871.819	5125.71	
871.897	6923.41	
871.975	6476.75	
872.053	4819.33	
872.131	5273.57	
872.209	6586.11	
872.287	6916.66	
872.365	5057.31	
872.443	5532.02	
872.521	7319.9	
872.599	7101.18	
872.677	5439.66	
872.755	5510.73	
872.833	7123.3	
872.911	6666.39	
872.989	5431.26	
873.067	4722.67	
873.145	6181.23	
873.223	6379.68	
873.301	4892.03	
873.379	5365.73	
873.456	6914.2	
873.534	6770.43	
873.612	5220.53	
873.69	4855.38	
873.768	6623.8	
873.845	6721.89	
873.923	6083.13	
874.001	4987.26	
874.079	6525.49	
874.157	6636.29	
874.234	5463.01	
874.312	5746.86	
874.39	6724.76	
874.467	6788.45	
874.545	4934.84	
874.623	5498.03	
874.7	6582.02	
874.778	6890.03	
874.856	4918.45	
874.933	5414.88	
875.011	6633.01	
875.088	6193.11	
875.166	5173.22	
875.244	5361.63	
875.321	6680.12	
875.399	7223.44	
875.476	5259.64	
875.554	4961.87	
875.631	6700.39	
875.709	6535.12	
875.786	4793.32	
875.864	4842.06	
875.941	5879.77	
876.019	6596.56	
876.096	4405.23	
876.173	5116.49	
876.251	5961.28	
876.328	6281.17	
876.406	4204.53	
876.483	4697.68	
876.56	5868.1	
876.638	5909.06	
876.715	4564.77	
876.792	4519.3	
876.87	6321.52	
876.947	6604.75	
877.024	4891.01	
877.102	5420.61	
877.179	6989.97	
877.256	7370.49	
877.333	6404.66	
877.411	6312.71	
877.488	7949.45	
877.565	8194.79	
877.642	6405.69	
877.719	7456.5	
877.797	8821.27	
877.874	9016.23	
877.951	7486.2	
878.028	7473.5	
878.105	9414.77	
878.182	9605.84	
878.259	8458.16	
878.336	8257.05	
878.413	10118.86	
878.491	10041.65	
878.568	8426.21	
878.645	8806.93	
878.722	9984.72	
878.799	10157.77	
878.876	8763.1	
878.953	8195.2	
879.03	9877.61	
879.107	9750.64	
879.184	7784.99	
879.26	7941.66	
879.337	8891.51	
879.414	8844.82	
879.491	7797.69	
879.568	7377.04	
879.645	8947.22	
879.722	9134.81	
879.799	7273.62	
879.876	8257.26	
879.952	8600.5	
880.029	8943.12	
880.106	7088.48	
880.183	7637.95	
880.26	8538.03	
880.336	9022.58	
880.413	7682.39	
880.49	8039.35	
880.567	10001.92	
880.643	9635.74	
880.72	8051.44	
880.797	8154.45	
880.873	9254	
880.95	9153.24	
881.027	7151.97	
881.103	7021.1	
881.18	8535.37	
881.257	8995.14	
881.333	7228.77	
881.41	7691.2	
881.486	9439.55	
881.563	9458.19	
881.64	8236.78	
881.716	8891.51	
881.793	10144.46	
881.869	10539.31	
881.946	9421.73	
882.022	9207.92	
882.099	10314.03	
882.175	10273.28	
882.252	9313.8	
882.328	9713.57	
882.404	10366.87	
882.481	9927.37	
882.557	8702.89	
882.634	8572.03	
882.71	9056.58	
882.787	9240.49	
882.863	7221.6	
882.939	7607.64	
883.016	8623.23	
883.092	10117.84	
883.168	7114.29	
883.245	6930.79	
883.321	7830.05	
883.397	7934.29	
883.473	5726.79	
883.55	5557.21	
883.626	7349.8	
883.702	6903.55	
883.778	5550.66	
883.855	5895.95	
883.931	8022.56	
884.007	7927.74	
884.083	6771.05	
884.159	6617.86	
884.235	7620.34	
884.312	7869.58	
884.388	6452.79	
884.464	6643.25	
884.54	7979.76	
884.616	8557.9	
884.692	6548.43	
884.768	6383.77	
884.844	7780.08	
884.92	8429.49	
884.996	6393.6	
885.072	6716.16	
885.148	7972.59	
885.224	7730.52	
885.3	6699.98	
885.376	6278.3	
885.452	8117.58	
885.528	8566.5	
885.604	7188.63	
885.68	7365.98	
885.756	8681.19	
885.832	9244.99	
885.908	7646.35	
885.983	7603.14	
886.059	9662.98	
886.135	9283.49	
886.211	8277.94	
886.287	7941.87	
886.363	9592.53	
886.438	8651.08	
886.514	7283.24	
886.59	7079.88	
886.666	8182.51	
886.741	8632.65	
886.817	7089.71	
886.893	6493.14	
886.969	7576.72	
887.044	7561.97	
887.12	6264.17	
887.196	5934.86	
887.271	7696.93	
887.347	7672.97	
887.423	6176.72	
887.498	6457.3	
887.574	7719.26	
887.649	7675.22	
887.725	6355.92	
887.801	6293.66	
887.876	8667.87	
887.952	8325.25	
888.027	6874.47	
888.103	6987.31	
888.178	9029.96	
888.254	9227.79	
888.329	7931.42	
888.405	8311.12	
888.48	9781.76	
888.556	9788.11	
888.631	8490.93	
888.707	8387.3	
888.782	9992.5	
888.857	9617.93	
888.933	8092.39	
889.008	8591.69	
889.084	9210.79	
889.159	9557.92	
889.234	8520.83	
889.31	8166.33	
889.385	10104.32	
889.46	10347	
889.536	9379.34	
889.611	9630.01	
889.686	12240.76	
889.761	12279.47	
889.837	10981.67	
889.912	10683.28	
889.987	12631.72	
890.062	12694.59	
890.137	11837.11	
890.213	11064.41	
890.288	12394.36	
890.363	11740.85	
890.438	10514.53	
890.513	10400.66	
890.588	11894.86	
890.664	11806.59	
890.739	10421.75	
890.814	9895.84	
890.889	11294.39	
890.964	11800.24	
891.039	9688.79	
891.114	9534.98	
891.189	11366.89	
891.264	11511.27	
891.339	10639.25	
891.414	9743.67	
891.489	11325.52	
891.564	11814.78	
891.639	10722.4	
891.714	9887.23	
891.789	11941.55	
891.864	11626.57	
891.939	9884.57	
892.014	9949.08	
892.088	11748.02	
892.163	11455.98	
892.238	9193.59	
892.313	9962.6	
892.388	11342.73	
892.463	11431.81	
892.537	8511.61	
892.612	8625.69	
892.687	9584.14	
892.762	10273.07	
892.837	8461.23	
892.911	8363.34	
892.986	9794.05	
893.061	11276.78	
893.135	9934.75	
893.21	9624.48	
893.285	11559.2	
893.36	11506.36	
893.434	10663.82	
893.509	10903.64	
893.583	12178.71	
893.658	13413.63	
893.733	11602.41	
893.807	11670.4	
893.882	12792.48	
893.956	13100.91	
894.031	11035.12	
894.106	10609.76	
894.18	12071.19	
894.255	11739.21	
894.329	10230.68	
894.404	9752.48	
894.478	10888.08	
894.553	10773.39	
894.627	9522.7	
894.702	9626.53	
894.776	10451.25	
894.85	10820.29	
894.925	9685.51	
894.999	9741.62	
895.074	11737.16	
895.148	11382.66	
895.222	10031	
895.297	9898.5	
895.371	11519.26	
895.445	11281.9	
895.52	9691.45	
895.594	9897.47	
895.668	10961.39	
895.743	11199.98	
895.817	9634.72	
895.891	8853.01	
895.965	9950.72	
896.04	10734.68	
896.114	8934.52	
896.188	9088.12	
896.262	10671.81	
896.336	9652.74	
896.411	8341.63	
896.485	7856.67	
896.559	9983.08	
896.633	10232.73	
896.707	8242.92	
896.781	8421.09	
896.855	10158.8	
896.93	9521.47	
897.004	8554.42	
897.078	8397.13	
897.152	11687.4	
897.226	9712.54	
897.3	8262.99	
897.374	8203.19	
897.448	10199.14	
897.522	10535.62	
897.596	8959.91	
897.67	8684.26	
897.744	11187.69	
897.818	11053.96	
897.892	9674.86	
897.966	9811.87	
898.039	11586.02	
898.113	11839.77	
898.187	10328.57	
898.261	10923.92	
898.335	12324.93	
898.409	12051.12	
898.483	10993.34	
898.556	10991.09	
898.63	11936.84	
898.704	11563.29	
898.778	11845.71	
898.852	10703.35	
898.925	11387.78	
898.999	11315.9	
899.073	10089.37	
899.147	10527.43	
899.22	11466.83	
899.294	11352.15	
899.368	10221.87	
899.441	10631.88	
899.515	12334.97	
899.589	12617.38	
899.662	10942.35	
899.736	11050.28	
899.809	12900.21	
899.883	12896.72	
899.957	11626.57	
900.03	12021.22	
900.104	13302.02	
900.177	14388.06	
900.251	12798.83	
900.324	13772.03	
900.398	14621.52	
900.471	14992.41	
900.545	14426.35	
900.618	14531	
900.692	16549.28	
900.765	16377.45	
900.839	15587.35	
900.912	15395.25	
900.986	17484.58	
901.059	17565.68	
901.132	15850.1	
901.206	16059.61	
901.279	16852.58	
901.353	16255.8	
901.426	14566.64	
901.499	14399.73	
901.573	15444.81	
901.646	15513.21	
901.719	13078.58	
901.792	13266.59	
901.866	14394.4	
901.939	14605.14	
902.012	13077.77	
902.085	12830.58	
902.159	14467.93	
902.232	14149.26	
902.305	13038.03	
902.378	13331.71	
902.451	13465.65	
902.525	14052.6	
902.598	12628.85	
902.671	12605.5	
902.744	14317.2	
902.817	14914.59	
902.89	13081.45	
902.963	13841.25	
903.036	14898.82	
903.109	16256.42	
903.182	14308.59	
903.255	13869.31	
903.328	15194.14	
903.401	15052.62	
903.474	13213.14	
903.547	13467.7	
903.62	15021.9	
903.693	15040.54	
903.766	13405.44	
903.839	13237.71	
903.912	14424.3	
903.985	14671.29	
904.058	13020.83	
904.131	13454.39	
904.204	14443.97	
904.277	14547.39	
904.35	13096.81	
904.422	12848.39	
904.495	13964.54	
904.568	14852.53	
904.641	12766.47	
904.714	12959.6	
904.786	14772.25	
904.859	15917.68	
904.932	13740.28	
905.005	14697.3	
905.077	15435.39	
905.15	16098.93	
905.223	15462.83	
905.296	15827.37	
905.368	17654.36	
905.441	17982.45	
905.514	16227.13	
905.586	16390.15	
905.659	18246.43	
905.731	17973.23	
905.804	16590.03	
905.877	16918.73	
905.949	17851.17	
906.022	17469.02	
906.094	15669.47	
906.167	15923.21	
906.239	16240.03	
906.312	16296.97	
906.384	14754.03	
906.457	15108.12	
906.529	16298.61	
906.602	16702.06	
906.674	15106.69	
906.747	14608.42	
906.819	15894.13	
906.892	16125.55	
906.964	14155.61	
907.037	14850.69	
907.109	15132.7	
907.181	14952.68	
907.254	13076.54	
907.326	12510.89	
907.398	14578.52	
907.471	14493.12	
907.543	12522.36	
907.615	12539.97	
907.688	13989.11	
907.76	14050.96	
907.832	13762.2	
907.904	14141.28	
907.977	15043.61	
908.049	15869.76	
908.121	14888.37	
908.193	15111.81	
908.265	17363.55	
908.338	17365.8	
908.41	16325.43	
908.482	16024.59	
908.554	17761.67	
908.626	17861.21	
908.698	16453.84	
908.77	16893.13	
908.843	18193.59	
908.915	18387.12	
908.987	17298.63	
909.059	19731.41	
909.131	18658.07	
909.203	18824.98	
909.275	17423.55	
909.347	18949.5	
909.419	19674.48	
909.491	18727.7	
909.563	17671.56	
909.635	17246.2	
909.707	18612.81	
909.779	18988.41	
909.851	18260.56	
909.922	17440.76	
909.994	19143.03	
910.066	19316.9	
910.138	17201.56	
910.21	17876.57	
910.282	18831.74	
910.354	18563.66	
910.426	17072.94	
910.497	17212.82	
910.569	19577.61	
910.641	20007.48	
910.713	18856.93	
910.784	18159.8	
910.856	19127.26	
910.928	19051.28	
911	18134	
911.071	18998.65	
911.143	19551.6	
911.215	20144.9	
911.286	18894.2	
911.358	19533.37	
911.43	21035.15	
911.501	21666.74	
911.573	20539.74	
911.645	21050.92	
911.716	23202.1	
911.788	23115.88	
911.859	21009.75	
911.931	22201.67	
912.003	23227.09	
912.074	24221.99	
912.146	21870.92	
912.217	22317.79	
912.289	22596.11	
912.36	22959.83	
912.432	21815.01	
912.503	21864.37	
912.575	23680.3	
912.646	24103.01	
912.717	22812.17	
912.789	22517.47	
912.86	23489.23	
912.932	23159.92	
913.003	20853.7	
913.074	20899.37	
913.146	21123.62	
913.217	21471.57	
913.288	19195.46	
913.36	19183.17	
913.431	19850.19	
913.502	20371.4	
913.574	18758.63	
913.645	19360.93	
913.716	21264.52	
913.787	21931.34	
913.859	19763.36	
913.93	20317.13	
914.001	21789.82	
914.072	22003.63	
914.143	20268.59	
914.215	20333.92	
914.286	21700.94	
914.357	22083.91	
914.428	21371.42	
914.499	20242.79	
914.57	22047.87	
914.641	21766.48	
914.712	19963.45	
914.784	20712.18	
914.855	22298.54	
914.926	22379.43	
914.997	20663.44	
915.068	20854.31	
915.139	23041.95	
915.21	22875.04	
915.281	20848.58	
915.352	20512.92	
915.423	21842.87	
915.494	22110.13	
915.565	20770.55	
915.635	20834.24	
915.706	22157.64	
915.777	23027.62	
915.848	22515.21	
915.919	22001.79	
915.99	23675.8	
916.061	24394.02	
916.132	23136.16	
916.202	22317.38	
916.273	23384.17	
916.344	23492.92	
916.415	22637.48	
916.486	23057.11	
916.556	24238.38	
916.627	25043.43	
916.698	23703.24	
916.769	23161.76	
916.839	24362.69	
916.91	24209.29	
916.981	23350.38	
917.051	23475.92	
917.122	24355.11	
917.193	25113.27	
917.263	23968.45	
917.334	24857.89	
917.405	26661.94	
917.475	26555.04	
917.546	24757.74	
917.616	24423.92	
917.687	25885.56	
917.758	26704.95	
917.828	25738.51	
917.899	26974.05	
917.969	28712.37	
918.04	28783.43	
918.11	28110.47	
918.181	28176.41	
918.251	29820.32	
918.322	30095.16	
918.392	28784.05	
918.462	28988.02	
918.533	30844.51	
918.603	31539.38	
918.674	30530.35	
918.744	31410.36	
918.814	32638.12	
918.885	33791.95	
918.955	32495.17	
919.026	31968.84	
919.096	32576.89	
919.166	33154.21	
919.236	31296.5	
919.307	31356.5	
919.377	33486.39	
919.447	33050.38	
919.518	32761.41	
919.588	32540.64	
919.658	34487.03	
919.728	35611.16	
919.798	33784.37	
919.869	33483.93	
919.939	34978.95	
920.009	34599.87	
920.079	32915.41	
920.149	33155.23	
920.219	33169.36	
920.289	33099.73	
920.36	31194.1	
920.43	31365.1	
920.5	31861.33	
920.57	32657.98	
920.64	31236.9	
920.71	31647.72	
920.78	32887.97	
920.85	32805.03	
920.92	30681.9	
920.99	31658.37	
921.06	33871.2	
921.13	32542.48	
921.2	30860.07	
921.27	31057.29	
921.34	33031.94	
921.41	32707.55	
921.48	31144.74	
921.549	31447.02	
921.619	32752.4	
921.689	33591.45	
921.759	31021.45	
921.829	30433.89	
921.899	31703.02	
921.969	31756.47	
922.038	30333.95	
922.108	30612.68	
922.178	32248.8	
922.248	32321.5	
922.317	30753.37	
922.387	29950.98	
922.457	31502.11	
922.527	31634.61	
922.596	29892.61	
922.666	29573.33	
922.736	30749.28	
922.805	31279.91	
922.875	29577.84	
922.945	29151.45	
923.014	30463.38	
923.084	30411.77	
923.154	28920.24	
923.223	30214.14	
923.293	31620.07	
923.362	32379.05	
923.432	30951.62	
923.501	31405.65	
923.571	31904.54	
923.64	31927.88	
923.71	30400.51	
923.78	29660.37	
923.849	30489.8	
923.918	29721.4	
923.988	27972.85	
924.057	28494.05	
924.127	30111.34	
924.196	31178.33	
924.266	28763.16	
924.335	29124.62	
924.404	30344.39	
924.474	30188.75	
924.543	28737.97	
924.613	29378.57	
924.682	31715.3	
924.751	32283.62	
924.821	31320.05	
924.89	31756.88	
924.959	33380.71	
925.028	33103.01	
925.098	31175.05	
925.167	36948.07	
925.236	32390.93	
925.305	33015.97	
925.375	30155.98	
925.444	29291.94	
925.513	30640.94	
925.582	29799.23	
925.651	27824.78	
925.72	27810.03	
925.79	29769.94	
925.859	29138.55	
925.928	27939.67	
925.997	27794.88	
926.066	29762.36	
926.135	29463.56	
926.204	27946.43	
926.273	27836.04	
926.342	29105.78	
926.411	29925.18	
926.48	28872.72	
926.549	29340.48	
926.618	30679.44	
926.687	31606.76	
926.756	29382.46	
926.825	29491.83	
926.894	30922.54	
926.963	30286.64	
927.032	27854.88	
927.101	27473.14	
927.17	28229.25	
927.239	28272.46	
927.308	26510.39	
927.376	27366.24	
927.445	29676.55	
927.514	31463.2	
927.583	30984.59	
927.652	31118.53	
927.721	33424.74	
927.789	33497.04	
927.858	32718.81	
927.927	32509.92	
927.996	33326.44	
928.064	32573.4	
928.133	30762.59	
928.202	28872.93	
928.27	29195.28	
928.339	28304.41	
928.408	26259.52	
928.476	25220.17	
928.545	26236.99	
928.614	25750.19	
928.682	24183.29	
928.751	23764.48	
928.82	24259.88	
928.888	25320.11	
928.957	23641.19	
929.025	24280.97	
929.094	25747.52	
929.162	26197.67	
929.231	24340.16	
929.299	25889.04	
929.368	26879.85	
929.436	27120.89	
929.505	26225.72	
929.573	26339.39	
929.642	27837.07	
929.71	27545.23	
929.779	25246.59	
929.847	25092.79	
929.915	25553.99	
929.984	24893.93	
930.052	21982.54	
930.121	22381.07	
930.189	24741.97	
930.257	23873.22	
930.326	22976.21	
930.394	23183.47	
930.462	25159.96	
930.531	25350.01	
930.599	24869.15	
930.667	25344.07	
930.735	27297.43	
930.804	26460.83	
930.872	26385.67	
930.94	26668.09	
931.008	28367.29	
931.076	28809.03	
931.145	26990.23	
931.213	27307.87	
931.281	28394.11	
931.349	28865.56	
931.417	26829.88	
931.485	27136.25	
931.553	28214.71	
931.621	27464.13	
931.69	24951.89	
931.758	25001.65	
931.826	26635.32	
931.894	26169.41	
931.962	24705.52	
932.03	25807.32	
932.098	26379.73	
932.166	25962.77	
932.234	24245.54	
932.302	24317.22	
932.37	26965.66	
932.438	27368.29	
932.506	26364.99	
932.573	26094.45	
932.641	27761.09	
932.709	27879.46	
932.777	26696.35	
932.845	26441.79	
932.913	28047.6	
932.981	27352.52	
933.049	25278.13	
933.116	24488.23	
933.184	25638.78	
933.252	25130.27	
933.32	23341.98	
933.387	23033.15	
933.455	23842.09	
933.523	23952.48	
933.591	22243.45	
933.658	22478.56	
933.726	24217.08	
933.794	24697.74	
933.862	23504.18	
933.929	23419.19	
933.997	24728.25	
934.064	25335.88	
934.132	24091.74	
934.2	24568.51	
934.267	26338.36	
934.335	26338.16	
934.403	25518.15	
934.47	26343.69	
934.538	28646.83	
934.605	29193.03	
934.673	28059.27	
934.74	28433.84	
934.808	30005.05	
934.875	29864.97	
934.943	28741.45	
935.01	29200.19	
935.078	30832.43	
935.145	31000.77	
935.213	29428.54	
935.28	29795.54	
935.347	30321.25	
935.415	30471.98	
935.482	29058.68	
935.55	28580.27	
935.617	29177.67	
935.684	29836.29	
935.752	27365.21	
935.819	26932.07	
935.886	27566.32	
935.954	27569.4	
936.021	26353.93	
936.088	26317.27	
936.155	27552.81	
936.223	27519.84	
936.29	26022.77	
936.357	26192.34	
936.424	26851.79	
936.491	27281.25	
936.559	25484.16	
936.626	25749.16	
936.693	26555.65	
936.76	26567.74	
936.827	24724.56	
936.894	24909.9	
936.962	25479.65	
937.029	25542.93	
937.096	23020.04	
937.163	22997.1	
937.23	23836.97	
937.297	22830.4	
937.364	20562.07	
937.431	20153.91	
937.498	21265.75	
937.565	21249.77	
937.632	18836.45	
937.699	18570.83	
937.766	20407.45	
937.833	20629.85	
937.9	18317.29	
937.967	18829.69	
938.034	19481.35	
938.101	19857.98	
938.167	17980.81	
938.234	17944.97	
938.301	19982.49	
938.368	19792.24	
938.435	17810.62	
938.502	18088.74	
938.569	19048	
938.635	18857.34	
938.702	17881.69	
938.769	17629.17	
938.836	18920.42	
938.902	18937.62	
938.969	17339.59	
939.036	16907.88	
939.103	18484.61	
939.169	18507.75	
939.236	16775.58	
939.303	15794.6	
939.369	16572.62	
939.436	16408.58	
939.503	14856.43	
939.569	14566.84	
939.636	15574.03	
939.702	15804.02	
939.769	14131.04	
939.836	13628.26	
939.902	15219.94	
939.969	15361.25	
940.035	14227.49	
940.102	13641.57	
940.168	15478.8	
940.235	14594.29	
940.301	13417.73	
940.368	12534.44	
940.434	13958.8	
940.501	13765.06	
940.567	12023.68	
940.634	11484.24	
940.7	14196.37	
940.766	13254.5	
940.833	12144.3	
940.899	11629.85	
940.966	13401.14	
941.032	13910.26	
941.098	12824.23	
941.165	13305.91	
941.231	14459.53	
941.297	14479.6	
941.364	13287.68	
941.43	12883.21	
941.496	14447.04	
941.562	15122.25	
941.629	14575.65	
941.695	13477.94	
941.761	15121.43	
941.827	15422.28	
941.893	13243.24	
941.96	13281.13	
942.026	14521.38	
942.092	14598.59	
942.158	12270.66	
942.224	12616.36	
942.29	14323.14	
942.356	14431.27	
942.423	12119.11	
942.489	12845.53	
942.555	13943.85	
942.621	14394.4	
942.687	12645.03	
942.753	13281.13	
942.819	13923.17	
942.885	14340.75	
942.951	12927.24	
943.017	13568.05	
943.083	14862.57	
943.149	15206.22	
943.215	13790.66	
943.281	13681.92	
943.347	14904.14	
943.413	15457.5	
943.478	13856.81	
943.544	13728.4	
943.61	15276.87	
943.676	15195.57	
943.742	14620.5	
943.808	13523.4	
943.874	14661.46	
943.939	14429.42	
944.005	12829.76	
944.071	12591.17	
944.137	13705.88	
944.202	14018.4	
944.268	12061.97	
944.334	12747.84	
944.4	13720.42	
944.465	13872.99	
944.531	13410.56	
944.597	12742.92	
944.662	14347.92	
944.728	14302.66	
944.794	12586.25	
944.859	12947.1	
944.925	14362.46	
944.991	14581.18	
945.056	13472.41	
945.122	13637.27	
945.187	15705.31	
945.253	15476.14	
945.318	14248.59	
945.384	13713.05	
945.45	15661.89	
945.515	16120.02	
945.581	14026.38	
945.646	13592.42	
945.712	15667.63	
945.777	15502.56	
945.842	14021.06	
945.908	14230.77	
945.973	16109.78	
946.039	15434.77	
946.104	14557.42	
946.169	14438.44	
946.235	15809.14	
946.3	15747.09	
946.366	14367.78	
946.431	14463.63	
946.496	15799.11	
946.562	15942.26	
946.627	14104.41	
946.692	14280.74	
946.757	15722.31	
946.823	16015.78	
946.888	14038.47	
946.953	13368.37	
947.018	14614.36	
947.084	14659.21	
947.149	12439.21	
947.214	12082.66	
947.279	13880.16	
947.344	13543.06	
947.409	11269	
947.475	12388.42	
947.54	12833.85	
947.605	12029	
947.67	10219.42	
947.735	9977.14	
947.8	11043.52	
947.865	12255.92	
947.93	10281.06	
947.995	9832.14	
948.06	11199.37	
948.125	11223.53	
948.19	9539.9	
948.255	10027.73	
948.32	11549.78	
948.385	11480.55	
948.45	9959.32	
948.515	9983.49	
948.58	11341.91	
948.645	10674.68	
948.71	9567.14	
948.775	9201.17	
948.84	11588.28	
948.905	11573.53	
948.969	10520.88	
949.034	10297.44	
949.099	11965.51	
949.164	12488.97	
949.229	11807.41	
949.293	12008.11	
949.358	13718.37	
949.423	14090.69	
949.488	12857.2	
949.552	12947.1	
949.617	15202.94	
949.682	14881.82	
949.747	13967.4	
949.811	14062.43	
949.876	15812.21	
949.941	16708.61	
950.005	15659.23	
950.07	15351.83	
950.135	17864.69	
950.199	16702.47	
950.264	14818.95	
950.328	15363.3	
950.393	16471.04	
950.458	16263.79	
950.522	15023.34	
950.587	14993.03	
950.651	16848.08	
950.716	16739.12	
950.78	14717.16	
950.845	15116.52	
950.909	16069.44	
950.974	17002.08	
951.038	15696.3	
951.103	15560.93	
951.167	17656.82	
951.231	16991.84	
951.296	15961.51	
951.36	16479.44	
951.425	17923.26	
951.489	17759.01	
951.553	16970.34	
951.618	16593.51	
951.682	18258.51	
951.746	18565.09	
951.811	17459.6	
951.875	17485.2	
951.939	19487.91	
952.003	19832.58	
952.068	18378.32	
952.132	18683.67	
952.196	19780.97	
952.26	20473.39	
952.325	18496.9	
952.389	17958.07	
952.453	19531.32	
952.517	19937.44	
952.581	17714.57	
952.645	18388.15	
952.709	19348.24	
952.774	19171.91	
952.838	18037.33	
952.902	17924.49	
952.966	19542.18	
953.03	19558.36	
953.094	17490.73	
953.158	17743.45	
953.222	19450.84	
953.286	19508.18	
953.35	17555.85	
953.414	17423.55	
953.478	18661.76	
953.542	19185.63	
953.606	17609.51	
953.67	18107.58	
953.734	20024.88	
953.798	19992.32	
953.862	18155.91	
953.926	18157.14	
953.989	19586.41	
954.053	19906.92	
954.117	17932.88	
954.181	17894.38	
954.245	19448.18	
954.309	19567.57	
954.372	17824.34	
954.436	17131.92	
954.5	18265.07	
954.564	18096.72	
954.628	17154.86	
954.691	17042.63	
954.755	18305.41	
954.819	17607.87	
954.882	15993.46	
954.946	15136.18	
955.01	17087.89	
955.074	16674.61	
955.137	15228.34	
955.201	15139.66	
955.264	16194.16	
955.328	16631.81	
955.392	14663.3	
955.455	14949.61	
955.519	16155.45	
955.582	17153.02	
955.646	14938.55	
955.709	15574.65	
955.773	17416.39	
955.837	17493.39	
955.9	15895.16	
955.964	16861.59	
956.027	18422.96	
956.09	18719.51	
956.154	17264.22	
956.217	18207.72	
956.281	20238.49	
956.344	19907.13	
956.408	18694.93	
956.471	19482.79	
956.534	20171.31	
956.598	20185.24	
956.661	19241.95	
956.724	18456.96	
956.788	19641.3	
956.851	19398.21	
956.914	18085.46	
956.978	18371.15	
957.041	20120.52	
957.104	19408.24	
957.168	18054.74	
957.231	17141.34	
957.294	18477.85	
957.357	18175.36	
957.42	17073.35	
957.484	16362.71	
957.547	17802.43	
957.61	18270.8	
957.673	16128.62	
957.736	15781.7	
957.799	17183.33	
957.863	17351.67	
957.926	16158.52	
957.989	16360.04	
958.052	17352.9	
958.115	18230.25	
958.178	16282.84	
958.241	16881.87	
958.304	19253.82	
958.367	19023.63	
958.43	17594.56	
958.493	18115.77	
958.556	20529.91	
958.619	20664.06	
958.682	19141.19	
958.745	19775.24	
958.808	21619.43	
958.871	21995.44	
958.934	21091.06	
958.997	21894.27	
959.059	23482.06	
959.122	23685.83	
959.185	22534.88	
959.248	22504.16	
959.311	24984.25	
959.374	25455.28	
959.436	23645.49	
959.499	24622.57	
959.562	25442.38	
959.625	25291.85	
959.688	23766.32	
959.75	23107.28	
959.813	24980.15	
959.876	24031.33	
959.938	22721.04	
960.001	22373.5	
960.064	23443.97	
960.126	23926.88	
960.189	22556.17	
960.252	22039.47	
960.314	23425.33	
960.377	23199.65	
960.44	21761.56	
960.502	21417.91	
960.565	23215.82	
960.627	23110.56	
960.69	21226.63	
960.752	22213.14	
960.815	23313.51	
960.878	23641.8	
960.94	21836.31	
961.003	21716.1	
961.065	23195.14	
961.127	24091.33	
961.19	22296.7	
961.252	23136.98	
961.315	24790.71	
961.377	24991.62	
961.44	23677.23	
961.502	23538.38	
961.564	25418.82	
961.627	25466.13	
961.689	23903.94	
961.751	24781.5	
961.814	26540.7	
961.876	25467.36	
961.938	24034.4	
962.001	23730.89	
962.063	24932.64	
962.125	24376	
962.188	22817.29	
962.25	22622.94	
962.312	24007.16	
962.374	24008.39	
962.436	21635.41	
962.499	21663.26	
962.561	24141.3	
962.623	23109.33	
962.685	21601.62	
962.747	21166.63	
962.809	22317.18	
962.872	21513.96	
962.934	20958.76	
962.996	21399.48	
963.058	22276.22	
963.12	22372.68	
963.182	20792.05	
963.244	20741.88	
963.306	22713.66	
963.368	22724.52	
963.43	21230.52	
963.492	20902.44	
963.554	22259.01	
963.616	22258.81	
963.678	20558.59	
963.74	20829.53	
963.802	22867.47	
963.864	22787.8	
963.926	20875	
963.987	21225.2	
964.049	22721.45	
964.111	23313.51	
964.173	21975.37	
964.235	21388.22	
964.297	23247.98	
964.359	24003.27	
964.42	22032.51	
964.482	22082.89	
964.544	24530.42	
964.606	24907.86	
964.667	22817.9	
964.729	22998.74	
964.791	24860.14	
964.853	24500.52	
964.914	25359.64	
964.976	23010.62	
965.038	24533.69	
965.099	24956.6	
965.161	24405.9	
965.223	24598.82	
965.284	25568.74	
965.346	26385.47	
965.408	24598.82	
965.469	24772.49	
965.531	26604.39	
965.592	25895.8	
965.654	24072.08	
965.715	24595.34	
965.777	26076.43	
965.838	26169.61	
965.9	24912.16	
965.961	25041.79	
966.023	27111.06	
966.084	26577.16	
966.146	25034.63	
966.207	25186.59	
966.269	26316.86	
966.33	26648.43	
966.392	24890.24	
966.453	25557.88	
966.514	27042.45	
966.576	27568.78	
966.637	26808.17	
966.698	26832.33	
966.76	28822.75	
966.821	29026.12	
966.882	28144.06	
966.944	28881.74	
967.005	30950.18	
967.066	30733.1	
967.127	29509.85	
967.189	30091.06	
967.25	32721.06	
967.311	32663.72	
967.372	32135.96	
967.433	32462.4	
967.495	33996.13	
967.556	34210.14	
967.617	33981.59	
967.678	34743.23	
967.739	36685.73	
967.8	37344.76	
967.861	36313.4	
967.923	36789.35	
967.984	37676.74	
968.045	37901.81	
968.106	36826.83	
968.167	37458.22	
968.228	38416.26	
968.289	38453.53	
968.35	35557.29	
968.411	35442.61	
968.472	36689.21	
968.533	36396.55	
968.594	34368.24	
968.655	34010.26	
968.716	35297.82	
968.776	33892.5	
968.837	32071.24	
968.898	32400.56	
968.959	33236.33	
969.02	34403.26	
969.081	32237.13	
969.142	32512.17	
969.203	34035.45	
969.263	34699.4	
969.324	33174.28	
969.385	33429.66	
969.446	35921.42	
969.506	36155.71	
969.567	34263.8	
969.628	34317.04	
969.689	36428.5	
969.749	36097.34	
969.81	34976.49	
969.871	34515.08	
969.931	36645.79	
969.992	36429.73	
970.053	33499.7	
970.113	33853.79	
970.174	35492.17	
970.235	35520.02	
970.295	33016.38	
970.356	32950.23	
970.416	34779.89	
970.477	33625.04	
970.538	31570.72	
970.598	31205.57	
970.659	31973.96	
970.719	32265.18	
970.78	29643.17	
970.84	28849.99	
970.901	30089.01	
970.961	30590.97	
971.022	28031.42	
971.082	27789.55	
971.142	29839.57	
971.203	29269.42	
971.263	26976.92	
971.324	27214.28	
971.384	28539.52	
971.444	29056.43	
971.505	27394.91	
971.565	27182.33	
971.625	29542.61	
971.686	29796.56	
971.746	28436.1	
971.806	28547.71	
971.866	30280.09	
971.927	31261.27	
971.987	30825.46	
972.047	30184.04	
972.107	31841.66	
972.168	32621.53	
972.228	30297.7	
972.288	30675.14	
972.348	32136.57	
972.408	32049.94	
972.469	29721.4	
972.529	30094.95	
972.589	31579.73	
972.649	31336.23	
972.709	28616.93	
972.769	28105.35	
972.829	30351.97	
972.889	28914.91	
972.949	27275.72	
973.009	27647.22	
973.069	28467.84	
973.129	27822.53	
973.189	26553.81	
973.249	26283.89	
973.309	27488.5	
973.369	28648.47	
973.429	26178.01	
973.489	25758.58	
973.549	27474.58	
973.609	27304.59	
973.669	25944.95	
973.729	31574	
973.789	27226.98	
973.848	28155.32	
973.908	26517.15	
973.968	25998.4	
974.028	27395.52	
974.088	28035.51	
974.148	26076.63	
974.207	27098.57	
974.267	27954.62	
974.327	27405.56	
974.387	24776.58	
974.446	25214.03	
974.506	26193.37	
974.566	26721.54	
974.626	24049.14	
974.685	24176.73	
974.745	26013.15	
974.805	25326.67	
974.864	23488.2	
974.924	24722.11	
974.983	26201.15	
975.043	25140.71	
975.103	23358.16	
975.162	24235.51	
975.222	25127.81	
975.281	25777.22	
975.341	24014.12	
975.4	23724.13	
975.46	25260.11	
975.519	26664.4	
975.579	23453.8	
975.638	23836.36	
975.698	25855.25	
975.757	26126.81	
975.817	23962.31	
975.876	24368.63	
975.936	25250.89	
975.995	26807.14	
976.054	24085.39	
976.114	24460.99	
976.173	25294.51	
976.233	24745.86	
976.292	22124.26	
976.351	22555.76	
976.411	23150.09	
976.47	23902.1	
976.529	21410.54	
976.588	21854.95	
976.648	22688.68	
976.707	22688.88	
976.766	19755.78	
976.825	20475.03	
976.885	21915.77	
976.944	21478.33	
977.003	19143.85	
977.062	19454.53	
977.121	20668.15	
977.181	20967.36	
977.24	19145.9	
977.299	20285.59	
977.358	21252.03	
977.417	22299.97	
977.476	20722.01	
977.535	21035.35	
977.594	22890.81	
977.653	23451.14	
977.712	21939.53	
977.771	22397.46	
977.83	24517.31	
977.889	24597.18	
977.948	22889.17	
978.007	23783.32	
978.066	25338.13	
978.125	26914.05	
978.184	24727.84	
978.243	24911.95	
978.302	26183.33	
978.361	26596.2	
978.42	24906.63	
978.479	25453.03	
978.538	26776.01	
978.596	27648.24	
978.655	25107.74	
978.714	25493.58	
978.773	26437.28	
978.832	26876.57	
978.891	24696.71	
978.949	25035.45	
979.008	26763.73	
979.067	27481.95	
979.126	24995.51	
979.184	25211.57	
979.243	26877.8	
979.302	26821.68	
979.36	25468.39	
979.419	25965.02	
979.478	27102.05	
979.536	28247.07	
979.595	25727.25	
979.654	26119.44	
979.712	28607.1	
979.771	28630.45	
979.829	27041.02	
979.888	26006.8	
979.947	28389.4	
980.005	27815.56	
980.064	26622.21	
980.122	26974.05	
980.181	29332.7	
980.239	28499.99	
980.298	27516.56	
980.356	27140.76	
980.415	28933.75	
980.473	28421.97	
980.532	27424.2	
980.59	26830.08	
980.648	28367.9	
980.707	27747.77	
980.765	26124.76	
980.824	26121.28	
980.882	26839.3	
980.94	26104.89	
980.999	25501.97	
981.057	24019.04	
981.115	25385.65	
981.173	24523.45	
981.232	22596.52	
981.29	22408.93	
981.348	23123.05	
981.407	22801.52	
981.465	20698.87	
981.523	20693.96	
981.581	21812.35	
981.639	21769.14	
981.698	19258.94	
981.756	19878.66	
981.814	21214.14	
981.872	21560.25	
981.93	19185.42	
981.988	19709.5	
982.046	20822.36	
982.105	20933.36	
982.163	19770.73	
982.221	19823.98	
982.279	21820.75	
982.337	22311.24	
982.395	20535.85	
982.453	21025.11	
982.511	23010.21	
982.569	23605.55	
982.627	22313.08	
982.685	22314.92	
982.743	24713.5	
982.801	25050.4	
982.859	23571.15	
982.917	24457.3	
982.974	26867.97	
983.032	26015.6	
983.09	24807.71	
983.148	25065.76	
983.206	27539.91	
983.264	27069.08	
983.322	25329.53	
983.379	25816.34	
983.437	27480.11	
983.495	27794.26	
983.553	26067.62	
983.611	26155.27	
983.668	28368.51	
983.726	28272.46	
983.784	26654.77	
983.842	26682.42	
983.899	27892.98	
983.957	28347.22	
984.015	25256.22	
984.072	25350.63	
984.13	26388.95	
984.188	26144.42	
984.245	24185.74	
984.303	23850.7	
984.36	25029.92	
984.418	25822.27	
984.476	22648.33	
984.533	22717.35	
984.591	23459.12	
984.648	23125.51	
984.706	21824.43	
984.763	21141.23	
984.821	22748.48	
984.878	22952.05	
984.936	20894.25	
984.993	20779.36	
985.051	21699.92	
985.108	21875.63	
985.166	20115.61	
985.223	20404.37	
985.28	21774.67	
985.338	22058.72	
985.395	20105.37	
985.452	19748.61	
985.51	21702.38	
985.567	22161.53	
985.624	20521.72	
985.682	20673.89	
985.739	22387.01	
985.796	22324.14	
985.854	20431.2	
985.911	21325.96	
985.968	22152.31	
986.025	23449.29	
986.083	21061.57	
986.14	20588.28	
986.197	22301.2	
986.254	22592.63	
986.311	20034.51	
986.369	20454.75	
986.426	20989.48	
986.483	21264.32	
986.54	19227.82	
986.597	19067.46	
986.654	20534.62	
986.711	20511.07	
986.768	18278.99	
986.825	18137.68	
986.882	19199.76	
986.939	18838.09	
986.996	17445.67	
987.053	17363.96	
987.11	18848.12	
987.167	19479.31	
987.224	17162.23	
987.281	17637.36	
987.338	18707.84